105	101	87	96	99	89	96	96	106	106	94	97	100	92	99	97	110	98	111	94
89	90	116	114	96	116	92	100	95	95	97	83	92	83	94	103	107	102	80	92
107	115	97	108	94	104	104	90	95	83	104	103	97	100	98	109	112	102	99	86
90	95	87	106	108	97	107	92	105	99	87	106	101	98	104	120	97	79	104	99
95	96	84	96	107	115	98	113	104	97	104	85	110	97	115	86	117	89	92	103
99	92	97	99	103	90	124	108	114	96	117	125	104	108	94	92	84	81	101	110
108	88	99	111	115	121	120	75	101	105	101	89	110	94	92	117	110	98	107	93
94	104	73	97	109	115	83	100	98	112	95	95	116	92	109	107	119	102	116	96
111	89	97	97	89	102	96	86	90	109	108	99	104	91	102	109	93	102	119	113
106	86	97	97	90	92	104	112	106	101	94	108	92	90	85	88	98	90	82	94
96	92	89	121	84	109	96	102	82	90	124	110	91	94	106	109	100	104	94	97
104	128	96	98	104	127	96	113	104	95	84	88	106	101	99	99	101	98	108	87
110	113	90	90	88	83	102	112	106	85	91	97	101	102	104	97	103	115	101	84
105	114	101	96	81	93	108	102	100	115	116	98	98	81	106	87	101	87	99	108
116	95	96	112	93	92	103	94	101	115	97	105	116	94	102	86	98	111	100	97
99	113	86	94	89	121	87	94	95	97	112	88	97	107	84	93	98	110	94	100
91	97	83	107	88	112	98	95	101	89	102	89	95	89	96	104	108	86	119	105
82	101	120	105	101	119	109	97	90	94	113	110	96	84	89	92	83	107	102	86
108	98	115	97	113	102	121	91	107	105	110	98	97	106	109	96	103	110	103	86
87	91	98	93	104	89	110	95	100	96	112	124	110	97	99	98	79	109	101	110
30	29	34	33	27	31	26	31	28	27	34	32	29	34	29	33	23	32	28	29
33	30	31	30	25	30	30	27	27	31	32	27	26	24	31	31	23	28	31	28
34	29	31	33	30	27	33	25	25	29	29	23	31	33	30	26	35	25	33	33
32	30	30	23	29	31	30	27	31	29	28	29	27	31	30	29	32	31	26	31
32	34	26	29	32	34	30	23	28	26	33	34	30	26	30	38	31	31	29	28
29	30	24	34	34	32	30	28	32	30	33	31	30	29	32	33	33	29	33	35
31	33	23	32	30	30	22	26	33	39	25	27	32	22	31	32	31	33	33	31
30	36	25	31	32	23	26	29	30	29	23	25	31	35	34	29	32	33	30	30
27	24	25	29	29	25	32	34	33	32	31	33	25	36	28	30	32	32	31	28
28	26	31	28	29	26	30	31	31	32	30	27	29	25	31	27	30	29	29	33
29	30	23	29	32	32	31	29	32	29	28	28	33	31	25	30	31	27	29	27
29	31	28	31	30	35	32	32	30	36	33	25	31	28	25	33	32	29	31	27
29	28	27	31	32	31	28	31	32	23	27	35	33	37	31	30	30	32	27	28
32	27	34	33	28	25	27	30	30	29	25	28	30	30	27	25	28	30	31	29
28	27	32	29	28	32	32	33	33	38	29	27	32	28	33	30	27	33	31	29
34	37	32	34	29	29	35	33	27	30	30	34	30	30	27	30	30	35	30	31
26	27	27	29	34	22	24	30	27	33	32	30	30	29	34	28	34	35	30	30
35	30	31	24	25	28	25	31	32	31	34	33	29	30	31	34	30	27	37	26
33	30	29	31	27	27	30	33	30	34	35	35	27	30	35	32	37	31	33	25
32	28	22	30	30	28	31	34	26	28	26	31	29	35	30	33	31	29	34	31
2.1	2.8	2.5	3.0	2.8	2.0	3.5	2.1	3.0	2.6	3.5	3.3	2.4	3.2	3.0	3.5	3.2	2.4	3.4	2.6
2.6	2.3	2.1	3.2	2.8	3.0	3.3	2.5	2.3	3.0	3.2	2.4	2.1	3.3	2.6	3.2	2.5	3.5	3.3	2.2
3.3	2.7	2.3	2.0	2.8	2.9	2.5	2.5	2.3	2.3	2.7	2.2	2.8	2.8	2.5	2.1	2.1	2.5	2.1	2.5
2.9	2.1	2.1	3.2	2.6	2.4	2.2	3.5	3.1	2.1	2.1	2.7	2.6	3.0	2.8	2.4	2.8	2.4	2.4	2.4
2.1	3.3	3.3	2.9	2.7	3.0	3.1	2.9	2.1	3.0	3.3	2.7	3.4	3.3	3.1	3.5	2.4	2.8	3.2	3.4
2.2	2.8	3.1	2.3	3.2	2.1	2.6	2.3	3.3	2.3	3.1	3.4	3.4	2.8	2.8	2.8	2.1	2.5	2.9	2.3
2.0	3.0	3.3	3.1	2.4	2.7	2.5	2.6	2.8	2.1	2.2	2.2	2.6	2.2	3.2	2.5	2.3	3.0	2.0	2.1
2.2	2.5	3.2	3.4	2.1	2.3	2.2	2.1	2.1	3.3	2.0	3.1	3.1	2.1	2.1	2.9	2.9	3.3	2.9	2.5
2.5	2.4	3.0	3.1	2.2	2.4	3.4	2.4	2.8	2.7	2.7	2.6	2.8	2.8	2.9	2.5	2.1	2.8	3.3	3.3
3.0	2.5	3.0	2.2	2.9	3.2	2.2	2.2	2.2	3.2	3.2	2.3	3.0	2.6	2.6	3.3	3.5	2.6	2.7	2.0
2.7	2.6	2.6	2.8	2.3	3.3	3.3	3.0	2.0	2.5	3.4	3.3	3.0	3.2	2.3	3.1	3.0	2.3	2.3	2.2
3.4	3.4	3.0	2.1	3.0	3.1	2.7	2.6	2.6	3.3	2.6	3.0	3.2	2.6	3.5	2.6	2.9	2.0	3.3	2.9
2.3	2.1	2.6	3.2	3.0	3.2	2.1	2.0	2.6	2.8	2.1	2.8	3.2	3.1	3.2	3.1	3.0	2.1	2.7	2.6
2.8	3.0	3.5	2.7	3.2	2.5	2.9	2.8	2.9	2.4	3.2	2.6	2.1	2.9	3.2	2.3	2.2	2.9	2.4	2.3
2.9	2.9	2.9	3.0	3.3	2.4	2.1	2.1	3.1	3.1	3.4	2.6	2.6	3.1	3.3	3.4	2.5	3.1	2.0	3.5
2.6	2.2	3.3	2.0	3.4	3.4	2.9	2.2	3.2	2.4	2.7	3.1	2.6	3.2	2.9	3.1	3.2	2.6	3.1	3.3
2.8	2.1	2.7	2.4	3.0	2.7	2.6	2.5	2.4	2.4	2.7	3.2	2.5	3.0	2.9	2.5	3.1	2.7	2.3	2.6
2.6	3.4	2.5	2.6	3.1	2.4	3.0	2.5	2.6	2.5	3.2	3.1	3.2	3.1	2.2	3.2	3.0	2.4	2.8	2.5
2.1	3.0	2.7	2.7	2.4	2.1	2.3	2.7	3.1	2.1	2.7	2.5	2.2	2.8	2.4	2.4	3.3	2.4	3.5	2.1
2.6	3.1	3.1	2.4	2.2	3.1	3.0	2.6	3.1	3.0	2.6	2.0	3.2	3.1	3.4	2.7	3.2	3.0	2.2	2.5
2.2	2.7	2.3	1.4	2.4	2.8	1.8	2.0	1.5	1.8	2.3	2.4	1.6	2.9	2.9	3.0	2.3	2.6	1.3	1.5
2.0	1.3	1.3	2.1	1.2	3.0	1.2	2.5	2.4	2.6	1.9	1.0	1.8	1.7	2.5	2.5	2.9	1.8	2.1	2.8
2.6	2.6	2.3	1.2	2.7	2.4	2.9	2.9	1.2	3.0	2.4	1.4	1.8	1.5	1.5	1.8	1.4	1.0	1.1	1.5
2.6	2.6	1.8	1.5	1.6	1.7	2.5	3.0	2.5	2.8	1.5	1.2	1.2	2.3	1.6	2.8	2.9	1.8	2.7	1.0
1.1	1.8	1.8	2.3	2.2	2.2	1.2	1.6	2.9	1.7	1.9	1.4	1.7	2.8	2.7	2.0	2.1	2.3	2.6	2.4
2.4	1.8	2.0	2.2	2.0	1.4	3.0	2.7	1.5	2.6	1.4	1.3	2.7	1.0	1.2	1.7	2.3	3.0	2.4	1.2
2.0	2.5	1.1	3.0	2.5	1.3	1.4	2.9	2.3	2.5	2.3	1.6	2.7	2.7	2.3	2.4	2.2	2.5	1.1	2.6
2.1	2.8	2.8	1.6	2.0	1.0	2.4	2.4	1.1	2.4	1.2	2.6	1.3	2.5	1.7	1.1	2.9	1.2	1.3	2.0
1.2	2.5	1.9	2.1	1.1	2.1	2.5	2.5	2.9	1.6	3.0	2.9	1.6	2.1	3.0	1.3	2.5	1.2	1.8	1.6
2.6	2.4	1.6	1.6	2.5	2.2	2.8	1.6	2.4	2.5	2.3	1.6	2.6	1.6	1.8	2.8	2.3	1.9	2.7	1.3
1.6	2.0	1.9	1.7	2.9	1.4	1.6	1.2	1.3	1.4	2.5	1.4	2.7	1.2	1.7	2.9	2.7	2.5	1.2	1.6
1.6	1.5	2.1	2.6	1.2	1.5	2.2	1.5	2.4	1.1	1.2	2.2	1.1	1.7	1.5	1.8	1.4	2.5	2.0	1.7
1.5	2.7	1.8	1.3	3.0	1.9	2.7	2.0	1.4	1.1	2.4	1.6	1.7	2.9	2.7	3.0	1.2	2.3	1.7	1.7
3.0	1.9	1.6	1.1	1.7	3.0	1.5	1.8	2.7	1.5	1.4	1.7	1.3	2.4	2.8	2.2	2.5	1.2	2.8	1.3
1.8	1.1	1.4	2.2	1.5	1.1	3.0	2.8	1.3	2.8	2.6	1.8	2.2	1.2	1.4	2.7	1.8	1.8	1.5	1.6
2.1	1.0	1.7	1.3	2.6	2.2	1.9	1.4	2.0	1.9	2.0	1.5	2.3	1.1	2.4	2.0	2.0	2.1	1.7	1.9
2.8	2.0	2.6	1.2	3.0	2.7	1.6	1.1	2.1	1.9	1.2	1.0	1.6	1.6	2.8	1.3	1.4	1.7	1.0	2.0
1.3	1.4	1.0	2.7	2.3	2.2	1.1	2.2	1.7	2.6	3.0	1.9	2.2	2.0	3.0	2.8	1.6	2.3	1.6	1.2
2.0	1.0	1.9	1.2	2.0	1.8	2.3	1.4	1.7	1.2	1.0	1.9	1.3	1.2	1.3	1.7	3.0	1.4	2.2	1.2
2.2	2.8	2.4	2.0	1.4	2.7	2.8	2.3	1.5	1.5	2.0	2.3	1.1	2.1	1.6	1.6	2.5	2.7	1.1	2.8
11.1	19.0	23.9	20.1	20.6	21.1	19.6	22.5	17.7	12.1	10.9	20.6	13.8	22.3	11.1	13.2	15.3	14.7	10.5	14.6
25.0	17.3	16.6	23.9	14.8	21.3	13.4	24.1	17.7	19.5	24.1	22.0	12.3	24.5	16.5	15.7	15.6	25.0	20.4	19.9
25.0	11.9	12.5	16.3	12.2	20.4	16.1	13.1	22.9	16.3	22.0	15.7	24.7	18.8	24.1	15.9	23.6	22.5	14.2	18.0
16.9	17.0	19.2	18.8	22.6	24.1	12.5	13.4	22.1	17.0	20.9	12.9	11.6	19.4	18.3	12.3	20.3	13.4	21.5	19.6
24.3	11.7	17.2	11.6	24.8	20.1	16.6	21.6	10.3	12.4	16.7	24.7	20.2	10.6	15.5	24.2	14.9	20.6	19.6	20.5
10.2	22.0	21.2	20.2	19.6	17.8	18.9	23.3	23.8	14.5	18.1	14.1	17.8	13.8	22.9	11.7	12.4	21.3	10.6	16.5
16.3	16.1	22.0	13.5	15.4	19.4	13.3	19.5	22.6	14.9	18.6	18.7	21.0	17.7	18.3	19.2	12.2	10.7	20.9	10.4
17.7	23.8	15.8	25.0	23.8	19.3	11.3	19.1	13.2	10.3	13.1	18.7	14.4	11.8	11.0	24.8	24.4	13.2	21.5	19.9
20.0	18.7	19.3	14.4	10.6	12.8	23.0	15.1	13.5	19.0	16.2	24.3	24.3	16.3	14.4	16.3	22.4	15.9	18.0	12.5
11.6	13.5	17.4	11.5	10.4	19.8	14.1	18.7	18.1	24.0	19.8	17.9	10.7	17.5	23.4	11.0	17.8	14.7	21.2	22.1
18.0	21.0	16.5	22.6	24.7	19.6	23.0	17.4	18.8	24.5	18.1	25.0	24.0	12.7	14.8	20.5	11.7	20.9	24.3	10.4
13.4	11.2	20.3	11.1	16.6	20.6	24.8	14.3	11.4	10.8	19.9	24.1	18.8	16.5	13.1	17.6	20.1	17.4	25.0	21.2
20.6	15.2	14.3	16.1	15.4	23.5	15.1	15.6	19.3	22.6	22.7	10.5	18.2	12.1	11.8	10.5	12.3	11.9	21.4	17.1
16.0	24.7	11.3	19.0	22.9	18.4	18.8	12.7	15.5	24.0	21.2	23.9	11.5	23.5	23.3	22.6	10.2	11.0	23.9	21.0
16.2	23.3	16.9	13.2	16.1	20.5	22.4	14.9	14.1	15.1	13.2	16.4	19.1	19.6	21.7	15.6	15.6	24.0	13.7	14.5
22.3	23.6	24.1	19.7	11.1	13.0	21.5	18.5	14.1	16.7	10.2	17.7	14.3	11.3	19.0	15.8	24.0	10.1	12.0	24.4
11.2	23.8	18.3	22.1	10.4	20.6	10.5	20.2	22.2	15.2	18.6	11.1	20.7	22.2	12.8	24.7	19.0	17.1	10.5	19.9
16.2	10.2	24.0	12.2	19.9	21.5	22.8	17.1	23.4	11.9	17.3	16.6	15.9	14.2	14.6	20.1	20.1	18.0	19.3	22.4
16.6	11.4	12.7	17.0	15.8	23.7	17.7	14.9	10.6	16.4	19.5	17.1	21.4	16.9	21.1	17.9	10.2	15.8	18.3	14.6
22.6	17.0	14.1	18.5	13.2	12.8	21.0	23.8	11.0	14.4	23.6	12.2	24.1	17.9	10.4	14.8	22.4	21.8	14.4	10.8
11.5	8.3	8.4	5.7	10.3	6.5	5.6	12.9	5.8	5.0	13.2	14.4	7.8	5.2	5.2	6.9	10.8	9.1	14.1	13.7
10.5	7.5	5.4	10.5	12.9	13.8	5.8	10.1	11.0	13.0	10.7	7.5	11.7	5.7	6.5	6.6	13.7	7.0	7.2	8.4
14.8	14.2	5.7	6.4	6.6	8.7	11.6	11.5	11.8	13.8	11.3	14.7	12.7	7.3	13.2	13.4	8.0	14.4	9.1	8.1
13.7	8.2	9.3	10.1	7.2	11.3	13.8	14.6	7.8	7.1	7.4	7.9	6.0	8.2	13.7	10.4	5.4	7.7	8.8	9.5
6.7	13.9	8.9	12.5	9.4	12.5	14.1	5.2	5.8	8.0	11.7	14.4	9.5	5.5	6.2	6.7	10.6	6.0	6.9	7.8
7.3	6.2	10.6	7.2	5.6	11.1	7.6	6.8	12.1	14.5	13.9	13.4	14.1	7.0	13.8	6.5	6.5	8.5	13.1	6.2
13.9	8.0	6.5	5.9	14.6	12.8	12.4	6.4	12.5	6.3	8.1	7.4	9.1	11.5	7.0	13.8	7.3	14.3	8.2	13.0
14.3	13.1	11.3	6.1	11.6	14.2	8.0	11.1	7.3	12.2	14.4	10.1	11.5	8.8	11.8	12.5	14.5	14.3	12.9	13.9
14.1	8.7	12.2	7.4	5.3	5.4	13.0	9.4	11.4	12.8	8.1	6.1	5.8	8.5	9.5	13.5	14.5	11.5	8.1	8.4
9.3	14.4	12.8	5.5	5.6	7.7	8.4	5.2	8.5	6.9	11.0	5.7	9.7	5.9	14.1	11.2	12.0	13.1	13.9	12.2
13.4	8.7	8.3	14.0	10.9	9.4	14.8	13.5	7.6	6.7	10.8	9.3	7.7	7.1	14.6	12.9	6.5	5.1	13.6	13.2
9.2	12.1	7.6	14.0	9.0	7.1	8.6	12.9	5.6	12.0	14.0	8.3	11.1	8.7	13.4	10.0	12.9	6.7	9.1	6.8
6.0	6.1	9.7	11.5	7.7	14.1	6.7	10.7	11.2	12.9	5.2	5.8	5.0	8.6	7.1	10.9	13.5	8.7	14.6	9.5
8.2	11.0	9.2	6.1	5.5	11.7	10.0	13.3	10.7	12.8	6.5	12.4	6.9	11.6	14.7	12.5	5.4	13.7	6.2	6.3
11.1	12.3	8.1	5.9	5.4	13.4	8.3	8.9	12.0	14.3	12.4	12.5	9.6	12.3	5.4	14.7	11.6	10.9	10.8	8.8
7.1	14.2	9.2	12.3	5.3	13.9	10.9	9.4	9.1	11.8	11.1	14.0	5.8	9.4	8.4	11.3	11.4	14.5	14.3	9.9
9.0	13.5	12.2	14.1	9.3	13.7	5.1	12.3	9.9	5.0	12.1	7.2	5.4	12.2	6.3	5.8	12.4	14.9	6.0	7.2
9.7	10.7	7.5	11.7	8.7	9.9	12.8	7.3	14.6	12.3	6.5	8.2	14.4	5.0	5.6	10.2	12.8	13.8	5.5	14.6
8.8	10.8	9.2	14.7	7.8	8.5	9.5	8.1	12.5	6.5	7.4	5.1	5.2	6.7	10.4	14.3	10.3	10.0	6.5	8.0
7.6	8.7	6.4	13.5	8.8	5.1	8.5	5.4	11.7	5.4	11.9	5.4	5.7	8.9	10.2	8.7	14.5	14.2	11.3	6.0
20.4	20.7	18.1	19.1	21.3	21.8	17.2	18.2	21.7	18.6	15.2	20.5	16.8	24.7	19.5	23.0	15.3	24.7	23.1	16.1
17.4	19.2	19.2	15.6	15.8	18.9	20.2	19.6	20.9	24.6	18.0	17.5	23.7	23.5	15.4	17.0	15.9	24.4	17.3	16.8
20.5	22.0	18.2	20.1	17.4	24.7	22.7	16.1	24.4	19.3	18.2	19.8	25.0	24.0	17.3	21.4	17.2	16.8	18.7	24.3
21.8	15.6	21.2	17.7	20.2	23.9	17.5	21.4	19.5	19.3	23.3	20.0	19.5	15.7	22.7	22.8	20.4	20.9	21.7	19.0
15.4	24.5	19.4	21.8	23.6	20.8	17.1	24.4	21.1	20.7	20.0	16.1	15.3	21.7	17.5	22.3	23.2	17.0	24.7	20.3
20.0	21.2	20.5	16.4	17.1	16.1	15.8	16.4	23.7	17.8	21.1	21.3	17.2	17.6	21.1	20.9	21.8	18.0	23.6	24.8
15.7	23.2	16.2	17.0	15.3	21.5	24.6	17.9	23.4	23.0	20.8	21.4	18.1	23.9	20.4	23.2	19.9	23.9	15.0	21.4
16.2	17.6	18.4	22.7	16.7	22.8	20.9	20.4	22.1	24.3	17.3	22.9	23.2	19.5	17.4	16.3	17.9	17.1	19.7	22.4
18.5	23.5	19.2	22.6	24.3	22.8	15.6	17.3	15.8	19.0	21.3	23.6	20.3	17.9	19.5	20.7	22.9	23.7	15.3	20.6
21.4	18.9	19.2	17.0	16.0	15.2	15.5	22.7	15.5	18.7	15.0	22.5	20.5	24.9	24.0	24.1	19.0	23.0	17.6	24.5
18.2	24.6	22.1	15.8	19.1	22.6	19.6	18.7	17.5	17.6	22.3	15.2	15.8	19.0	19.4	22.2	21.6	15.0	17.3	22.0
18.4	15.7	21.8	21.9	21.3	15.1	21.7	19.8	17.0	19.8	22.6	18.3	20.2	22.8	18.8	18.6	17.4	17.5	23.4	21.1
18.1	15.2	17.4	15.5	23.7	19.7	16.9	20.5	18.5	21.0	19.0	15.4	21.5	24.7	20.3	18.2	23.2	18.2	23.2	17.1
16.5	22.8	16.6	16.7	16.2	22.7	22.4	21.2	22.8	23.3	24.9	20.1	23.6	15.3	15.6	18.9	24.7	21.4	21.4	17.3
19.1	16.0	17.5	15.8	23.5	18.6	17.1	20.6	15.4	20.0	21.8	15.5	18.4	24.1	23.3	19.7	21.8	20.0	20.8	20.7
15.7	25.0	20.9	18.8	22.0	19.7	15.8	21.3	23.6	25.0	23.2	21.2	24.7	16.4	18.9	17.8	23.2	24.4	22.8	21.0
21.4	19.7	20.7	17.9	24.4	21.8	20.3	22.1	18.5	22.0	23.4	15.8	24.0	24.0	17.1	24.5	16.3	23.7	20.7	24.2
18.9	24.2	16.9	22.0	22.0	17.0	23.5	21.6	15.7	22.0	15.9	20.4	24.2	20.4	18.4	20.9	25.0	19.0	23.1	15.3
17.9	17.7	16.0	15.1	19.3	22.7	17.0	15.9	21.8	17.7	21.9	22.9	24.7	22.0	17.3	18.2	23.9	19.6	18.4	19.6
25.0	18.8	20.4	15.7	15.3	16.5	22.1	18.2	24.2	20.0	23.9	18.7	22.7	19.9	20.9	18.2	22.0	15.3	24.1	17.6
0.0	66.8	66.9	92.1	91.5	57.5	67.4	84.4	89.3	72.8	71.1	99.3	90.8	71.7	88.9	78.2	94.3	65.9	84.2	83.8
89.5	0.0	99.7	73.5	65.0	85.9	94.6	57.9	80.6	87.3	77.5	89.1	74.0	99.5	86.6	55.0	70.6	66.6	63.0	58.1
72.7	99.7	0.0	94.4	73.6	56.2	72.9	69.4	86.3	65.8	74.3	84.1	96.0	73.7	71.8	57.8	82.5	98.7	86.9	98.5
66.6	77.3	92.9	0.0	80.7	65.2	79.0	74.3	76.5	93.2	78.2	73.4	86.2	59.1	57.4	74.2	67.5	81.4	80.5	60.3
60.7	68.8	97.9	70.5	0.0	68.5	91.0	94.8	62.5	79.1	71.9	94.3	74.6	93.4	62.1	60.2	83.5	70.5	83.0	94.2
68.4	69.6	84.7	68.2	58.1	0.0	56.6	92.7	60.4	62.4	99.9	85.3	88.4	69.5	88.3	82.3	58.0	95.3	77.1	85.8
68.4	77.9	72.0	78.9	89.6	69.4	0.0	71.7	80.6	89.0	80.3	91.1	69.6	55.3	91.3	80.5	58.5	87.5	98.9	56.7
87.0	58.6	84.6	88.2	96.2	61.2	73.6	0.0	92.4	83.5	68.7	89.4	88.1	87.9	98.6	82.8	56.5	87.3	79.7	82.9
68.7	96.7	70.1	98.6	80.2	70.5	80.0	86.8	0.0	56.8	79.6	91.6	66.4	95.1	70.4	91.9	87.2	72.2	97.6	76.9
78.4	84.5	76.5	99.0	79.9	94.1	57.8	63.1	77.8	0.0	60.2	90.7	55.8	55.1	94.1	85.2	69.2	91.7	55.6	79.7
58.4	74.3	74.0	62.1	67.1	93.5	82.1	87.9	77.9	65.1	0.0	94.3	61.2	99.0	72.7	78.4	71.8	74.5	62.6	75.4
96.8	58.5	98.9	75.5	59.5	88.7	56.3	64.4	83.8	71.6	68.3	0.0	61.4	63.3	61.5	61.0	81.5	82.6	60.5	62.5
56.9	85.0	56.8	81.1	76.6	78.8	89.0	67.7	87.2	87.0	70.0	78.7	0.0	77.6	64.3	91.3	82.1	81.8	99.1	77.5
66.0	58.0	70.1	66.6	70.8	97.0	90.7	74.6	81.3	81.0	77.5	77.1	97.1	0.0	57.6	91.8	81.0	69.5	76.3	91.9
67.2	99.5	63.2	91.3	68.3	71.9	80.4	85.0	85.6	65.4	89.8	70.5	78.5	58.5	0.0	71.0	71.2	55.2	86.1	71.4
55.4	79.8	95.0	64.0	59.5	66.9	85.4	84.0	88.9	98.9	59.0	62.6	89.2	65.2	79.8	0.0	85.9	89.6	77.1	84.3
75.7	64.2	92.2	62.6	63.8	82.7	99.9	81.9	96.9	99.9	72.7	71.6	60.0	70.8	94.2	77.7	0.0	72.9	69.8	66.5
96.3	88.4	57.0	91.4	67.5	98.8	63.1	80.1	57.3	61.9	87.5	74.3	72.6	57.0	66.6	72.3	79.0	0.0	89.4	98.6
57.3	99.8	56.9	69.0	96.3	74.6	60.9	79.5	64.6	71.0	64.7	73.1	55.2	89.8	86.8	90.0	96.5	83.1	0.0	88.2
96.0	65.6	92.9	73.4	85.1	77.2	74.2	88.2	78.6	88.4	89.5	66.9	85.9	95.1	86.1	76.5	75.2	72.1	91.5	0.0
0.0	59.0	74.5	93.1	58.4	84.5	88.8	83.1	73.0	93.2	82.7	58.3	61.0	85.0	62.2	61.0	55.7	65.4	81.8	57.6
82.2	0.0	76.3	82.0	55.4	66.8	85.1	71.0	78.1	73.0	65.2	97.4	57.4	93.5	81.0	68.1	63.8	99.1	89.9	94.7
59.4	93.2	0.0	87.2	70.8	81.0	75.4	79.7	80.8	90.3	83.3	62.3	56.8	71.8	56.8	63.6	87.0	80.3	93.2	78.4
92.7	68.9	73.6	0.0	68.6	98.1	62.9	87.0	97.8	69.9	88.6	77.1	99.9	76.3	67.1	99.6	57.6	72.1	89.6	62.5
80.6	96.0	94.3	86.5	0.0	99.5	91.4	80.1	68.6	76.3	81.3	61.4	85.3	59.5	79.9	87.8	82.6	67.4	71.0	81.8
84.0	93.9	80.0	96.6	76.6	0.0	95.8	66.2	67.5	79.1	62.0	74.9	69.4	81.2	67.8	61.1	87.2	77.0	86.2	55.4
75.0	83.5	99.2	79.5	87.5	92.3	0.0	61.3	94.3	83.9	77.3	88.9	69.3	55.7	61.6	71.9	96.0	87.6	88.8	74.9
62.6	64.8	75.9	74.3	60.7	87.8	88.7	0.0	95.0	65.8	85.3	76.4	59.3	79.6	95.9	81.2	55.5	61.4	67.4	85.6
69.6	65.0	74.4	73.6	99.8	88.3	92.0	84.3	0.0	95.1	55.1	92.8	72.1	86.3	77.6	98.9	65.2	56.4	94.7	72.3
64.1	80.8	96.2	75.4	74.7	55.8	77.4	78.0	81.7	0.0	80.2	60.7	88.1	83.1	64.5	99.7	69.2	63.8	75.9	78.3
90.6	98.0	93.9	76.6	73.8	76.5	88.9	55.9	87.1	89.1	0.0	61.2	64.5	88.7	97.0	62.3	76.8	65.5	69.3	70.7
74.5	66.5	56.6	80.5	67.9	92.6	77.6	62.2	62.6	79.7	56.6	0.0	88.1	75.1	88.7	68.3	67.0	83.8	90.8	99.2
79.7	71.2	70.3	88.1	80.3	75.8	87.4	75.0	63.4	72.9	81.3	74.2	0.0	60.4	70.1	80.4	81.1	62.3	60.9	79.4
66.5	76.7	55.2	64.6	86.9	82.1	81.0	81.3	59.8	70.9	63.9	85.6	87.6	0.0	88.7	78.6	63.9	93.8	78.1	78.8
98.8	83.2	83.7	75.9	67.3	99.5	64.0	98.0	57.0	85.7	55.0	75.2	68.0	87.4	0.0	73.9	81.2	92.4	92.8	86.3
67.8	90.8	77.6	96.7	73.5	61.0	94.6	76.7	66.8	78.5	62.4	71.7	57.2	74.5	85.5	0.0	92.7	98.5	82.7	64.0
77.2	62.5	91.4	72.7	79.5	80.3	72.9	85.4	79.1	89.0	81.4	83.0	60.4	79.6	89.7	74.9	0.0	96.0	86.7	82.1
94.9	63.4	88.4	64.5	73.0	76.8	92.6	83.2	99.9	89.0	77.6	97.9	64.6	88.2	69.4	73.9	71.2	0.0	64.7	73.7
90.9	97.7	80.6	64.3	69.8	84.4	67.9	83.6	66.2	67.5	66.9	96.3	77.1	80.3	58.0	80.7	56.0	66.3	0.0	66.2
71.2	67.9	67.0	56.3	63.9	77.0	71.2	83.3	80.3	56.5	72.0	65.8	62.1	62.7	79.5	74.9	88.3	55.2	63.2	0.0
0.0	94.7	55.3	87.1	59.5	75.9	77.7	83.5	76.9	82.0	75.9	66.6	79.7	58.8	99.6	79.5	68.2	80.4	94.9	86.4
91.0	0.0	74.0	83.5	76.1	57.3	74.4	84.6	61.8	89.8	86.4	67.4	95.2	94.4	79.9	61.7	61.7	61.2	82.5	82.9
62.3	74.4	0.0	83.5	62.5	77.2	86.7	80.5	63.7	73.5	96.7	80.3	58.4	69.7	58.2	75.8	94.4	73.3	90.6	95.0
92.5	99.4	59.0	0.0	75.8	80.8	68.2	86.5	91.7	66.2	60.7	90.0	89.4	56.4	90.7	82.8	99.8	57.7	87.5	69.0
72.3	61.0	73.4	69.7	0.0	75.5	73.4	71.8	66.6	73.7	83.6	89.9	94.0	88.4	83.6	81.0	74.9	65.2	89.8	67.3
83.3	95.9	96.4	67.1	62.7	0.0	80.9	88.7	72.1	90.8	97.1	90.9	97.9	59.5	58.2	95.4	96.5	76.6	66.1	76.9
78.7	85.1	59.1	77.5	83.9	74.5	0.0	83.9	89.4	79.1	57.3	69.7	80.1	62.1	84.5	75.2	75.3	68.7	77.9	88.9
66.5	55.5	81.5	83.1	71.1	83.5	79.9	0.0	65.1	73.3	91.8	63.7	57.3	95.6	74.8	84.3	78.4	98.9	91.9	99.9
80.6	81.5	96.2	98.6	89.6	68.0	92.5	93.8	0.0	75.4	90.1	62.9	56.6	75.9	92.1	57.4	61.6	83.5	68.1	99.5
88.1	91.3	75.1	95.9	95.3	64.9	67.3	88.2	82.5	0.0	99.9	99.7	98.1	74.3	83.2	95.6	89.6	100.0	61.3	94.0
92.0	77.7	80.2	88.4	86.6	93.4	65.4	59.2	78.8	87.9	0.0	63.1	59.4	66.2	72.0	81.3	67.5	82.4	79.6	74.9
63.8	55.0	60.4	57.3	73.0	87.7	84.6	61.7	60.1	99.0	88.2	0.0	93.2	82.6	91.7	65.9	77.1	72.5	84.7	78.0
62.6	66.7	97.0	95.8	73.3	59.5	94.6	57.3	79.1	86.2	68.4	69.3	0.0	89.5	61.4	58.7	69.4	66.2	94.3	84.5
85.0	99.6	62.0	79.1	85.2	58.1	96.6	81.6	88.1	86.1	88.2	91.0	64.3	0.0	80.8	80.3	79.5	76.3	95.5	59.7
84.7	70.0	60.5	91.4	86.8	72.6	75.0	58.7	81.0	58.1	60.4	74.8	83.6	65.4	0.0	61.7	81.1	55.9	70.8	60.1
93.7	78.4	76.2	78.0	95.5	60.3	70.5	97.4	66.2	74.1	60.4	91.9	74.0	79.2	62.4	0.0	90.9	90.6	60.6	62.5
58.7	76.9	71.6	77.3	78.5	87.7	92.8	90.3	90.0	93.6	89.0	58.4	69.1	92.7	86.3	77.8	0.0	64.9	88.5	71.5
63.2	56.9	84.8	71.2	62.5	65.6	89.4	70.9	81.4	89.1	77.3	58.5	91.3	71.5	58.5	60.5	89.5	0.0	59.7	81.2
73.3	94.3	58.6	61.4	96.4	58.2	69.1	92.9	66.5	61.9	94.8	67.4	84.0	61.6	82.8	87.6	77.4	91.1	0.0	61.0
88.2	82.4	87.8	71.5	62.4	56.8	90.0	78.4	61.6	94.5	69.4	81.2	62.6	73.8	67.6	73.3	63.5	96.8	79.4	0.0
0.0	83.5	77.6	70.9	57.6	68.2	75.6	58.2	89.9	79.0	98.0	91.4	63.0	93.2	85.1	64.6	91.1	73.6	95.5	56.7
89.9	0.0	79.6	85.6	63.2	80.8	70.0	72.4	69.2	81.4	82.5	76.8	93.7	61.9	98.6	77.4	92.4	96.1	61.7	73.0
94.5	77.8	0.0	69.7	59.1	96.8	68.7	92.6	71.1	79.5	75.9	85.5	60.8	76.6	95.9	93.5	63.7	71.0	84.6	79.8
83.7	55.9	74.4	0.0	58.2	94.3	65.9	83.0	69.8	83.4	73.8	90.4	69.6	61.5	96.7	94.9	97.5	62.7	57.3	83.8
67.3	96.1	74.4	70.2	0.0	98.1	85.9	80.9	99.3	90.4	77.0	78.8	93.0	87.9	99.7	71.0	72.7	88.2	87.3	66.6
74.6	89.8	88.5	69.3	87.8	0.0	59.0	66.5	99.4	99.3	74.7	85.6	75.3	67.2	72.2	76.2	65.9	76.9	96.1	67.7
82.1	81.9	86.4	56.1	71.7	62.3	0.0	74.0	73.1	61.9	59.0	71.8	61.3	81.1	63.6	90.2	55.0	66.0	61.8	57.2
82.9	90.8	93.3	92.1	68.1	85.1	81.1	0.0	91.4	65.4	87.0	72.1	71.0	94.0	57.6	85.3	59.5	73.8	77.6	93.5
94.5	94.6	63.6	80.7	64.6	75.6	73.0	84.3	0.0	97.5	57.2	87.8	75.0	83.3	82.3	55.0	72.7	91.8	88.0	71.5
86.4	62.9	79.2	66.6	77.4	59.0	74.0	88.1	80.5	0.0	62.3	83.6	81.9	82.4	97.5	64.7	60.2	64.8	70.4	74.0
75.5	74.7	64.0	76.5	63.5	66.8	99.9	84.9	74.1	92.7	0.0	73.0	57.0	57.1	60.2	64.2	63.9	81.8	55.5	60.1
91.6	74.5	95.5	79.1	82.5	89.9	79.7	76.3	86.3	65.5	77.3	0.0	61.8	57.0	93.7	64.8	80.9	77.6	91.1	71.3
57.6	62.5	82.8	77.7	57.7	69.0	79.9	73.2	59.1	59.1	89.3	93.5	0.0	60.9	92.3	88.7	97.0	74.6	98.7	64.2
85.0	98.6	82.3	86.5	58.6	64.6	71.7	83.3	81.1	89.8	84.4	62.1	58.5	0.0	72.3	66.0	76.7	69.9	73.5	93.3
63.3	88.9	82.4	97.6	75.8	90.5	59.5	75.5	90.1	90.3	56.7	98.2	94.6	69.9	0.0	63.2	65.9	55.9	82.7	90.4
70.2	86.7	94.7	63.3	80.4	63.4	60.2	68.9	85.8	78.2	69.6	88.6	79.8	70.4	59.6	0.0	94.1	81.8	73.3	65.0
57.0	64.8	88.9	56.9	57.2	98.2	98.5	71.8	72.8	64.3	72.8	92.5	88.0	78.4	94.5	55.3	0.0	67.3	62.9	83.5
64.8	82.8	82.5	61.9	86.8	64.1	85.6	71.2	78.7	74.5	88.5	95.2	84.2	95.9	71.2	98.7	72.6	0.0	81.1	59.0
90.5	79.6	85.4	56.2	55.8	61.0	70.3	82.8	80.2	72.5	56.7	79.6	60.2	98.0	99.5	60.6	82.5	97.1	0.0	64.2
59.7	65.1	58.1	64.3	91.3	55.5	61.8	99.3	65.3	85.8	67.0	75.0	81.0	62.2	60.2	99.8	83.7	70.0	92.3	0.0
0.0	80.7	87.9	76.4	90.7	86.7	99.5	57.0	88.4	69.2	85.2	78.9	60.7	87.8	68.6	86.4	94.9	58.5	83.9	93.7
89.4	0.0	59.1	66.3	78.6	74.5	80.6	93.7	93.2	74.9	65.0	86.6	89.6	64.2	96.7	62.1	78.4	56.8	64.7	58.2
77.4	75.7	0.0	74.0	88.8	77.6	66.6	61.0	69.4	71.5	85.9	63.1	59.2	84.3	73.3	83.5	79.2	74.0	89.6	72.4
77.1	75.3	63.6	0.0	84.7	93.8	82.1	94.2	83.1	68.2	70.2	84.5	90.3	94.2	60.6	96.9	77.0	58.5	66.2	84.5
59.1	77.9	98.5	83.9	0.0	72.9	93.0	77.0	80.1	90.4	81.7	87.2	82.6	76.9	72.1	83.2	66.3	72.2	96.8	94.1
98.1	87.7	75.7	58.6	83.4	0.0	91.8	95.2	86.4	65.6	93.3	93.0	65.0	65.7	88.6	99.0	77.3	86.6	80.9	78.4
58.2	67.5	76.8	68.3	70.7	60.8	0.0	81.7	89.3	88.9	69.2	80.8	99.9	74.1	60.7	73.5	98.8	88.9	56.8	98.5
92.2	91.6	55.4	60.1	56.4	71.1	78.6	0.0	84.0	98.3	55.4	69.0	91.1	67.6	92.5	78.1	57.1	98.6	70.1	65.9
86.5	99.4	87.5	62.0	58.0	99.0	65.2	64.0	0.0	96.7	60.1	57.9	76.2	58.3	78.7	79.9	96.0	75.0	93.4	60.3
57.1	65.9	99.7	84.1	66.7	83.4	89.6	89.7	99.8	0.0	55.9	59.7	76.8	63.3	96.0	93.6	73.1	56.7	56.7	89.9
73.7	90.9	71.2	79.3	58.0	97.9	68.3	93.4	63.3	56.0	0.0	56.8	73.3	78.1	88.1	97.0	90.5	92.9	79.6	75.4
95.6	97.7	65.8	72.5	81.0	84.7	59.4	83.5	56.3	83.9	63.7	0.0	56.2	94.8	97.8	80.4	73.3	70.9	92.3	91.5
74.2	56.9	79.2	61.6	75.0	86.4	67.0	88.0	70.8	81.5	68.3	96.1	0.0	60.9	86.0	83.1	96.0	91.7	83.0	93.7
89.2	59.4	77.9	79.6	57.7	67.7	84.6	70.9	92.3	98.5	72.3	99.6	59.7	0.0	80.0	58.9	91.9	71.0	62.5	76.5
62.2	61.6	87.5	92.1	60.8	69.9	58.6	71.1	98.9	56.6	74.0	84.2	96.1	57.4	0.0	93.1	88.2	98.0	79.8	64.4
57.1	60.1	61.0	56.4	78.7	57.5	94.6	76.2	86.4	95.3	59.7	84.4	94.6	77.8	57.6	0.0	65.0	87.0	89.4	98.9
82.3	67.4	92.6	73.1	81.2	89.3	85.5	78.0	67.3	91.3	61.2	81.2	98.2	63.6	91.6	55.8	0.0	90.4	99.4	69.9
70.1	98.4	83.4	68.5	60.9	85.1	70.8	93.9	98.7	91.4	90.6	73.5	64.2	80.2	73.9	82.6	94.0	0.0	93.1	57.0
66.7	86.5	96.7	65.2	77.0	60.1	86.4	93.5	58.5	84.9	60.8	69.1	91.3	65.1	89.6	92.1	96.6	81.3	0.0	57.8
66.7	99.5	72.2	57.5	70.8	74.2	89.8	67.3	77.5	59.8	62.1	94.9	91.9	97.5	55.0	73.2	93.8	56.7	59.9	0.0
0.0	91.7	70.2	70.5	81.1	94.2	61.7	71.6	81.1	78.4	77.7	86.7	63.0	86.6	57.0	65.9	87.1	94.0	77.3	92.8
55.1	0.0	55.0	62.6	75.3	98.9	94.0	61.9	83.9	74.4	73.7	64.2	74.7	63.3	66.1	65.7	65.3	70.3	60.8	66.8
98.4	85.8	0.0	85.8	89.9	56.9	69.0	72.9	73.2	57.0	78.0	80.5	81.4	63.8	72.2	76.9	73.0	82.7	90.5	61.2
89.9	74.5	94.4	0.0	92.7	70.1	64.4	63.4	84.9	75.7	71.8	78.9	76.4	85.4	73.3	67.4	61.1	68.2	86.3	69.4
57.4	81.6	75.9	83.5	0.0	86.9	69.4	75.3	68.4	56.3	99.5	72.9	93.6	80.9	83.9	94.9	86.4	97.4	73.5	91.0
59.8	65.3	66.0	81.6	75.8	0.0	65.6	78.7	91.3	98.9	93.8	93.6	95.9	90.8	78.6	59.9	67.1	74.9	71.5	68.8
69.6	74.7	78.8	85.3	90.1	78.6	0.0	93.7	88.7	75.5	76.3	98.4	92.2	86.1	97.9	69.9	72.1	75.5	90.2	69.2
84.9	62.5	56.7	67.6	96.0	65.5	70.1	0.0	77.3	84.0	69.2	78.0	60.9	78.4	64.2	87.9	98.7	74.1	57.5	69.3
72.5	60.9	97.4	62.7	98.3	97.2	67.6	75.7	0.0	89.5	72.2	63.3	90.1	95.0	94.3	74.0	70.1	88.3	97.2	61.7
73.6	63.9	99.1	64.0	67.8	62.1	87.2	97.0	70.6	0.0	75.8	65.5	99.9	64.3	72.0	82.3	87.6	79.3	91.5	80.9
78.4	76.2	59.7	56.3	69.6	93.9	58.2	83.1	82.7	84.6	0.0	69.3	76.7	63.7	81.2	60.3	82.5	60.2	58.5	75.8
84.0	66.7	83.8	99.6	81.3	73.6	69.8	87.4	59.1	63.8	76.2	0.0	67.8	67.0	89.8	61.1	66.4	67.3	61.0	89.6
77.4	97.8	65.7	86.8	73.1	67.2	99.1	62.7	67.5	97.3	83.9	83.6	0.0	95.1	58.1	86.2	87.9	59.2	74.8	76.4
75.7	92.4	88.6	85.1	74.0	82.5	55.4	84.1	99.3	74.0	84.3	66.9	73.9	0.0	55.7	95.2	98.9	62.2	82.5	91.2
75.0	97.8	84.4	65.1	76.9	73.0	64.0	79.6	68.1	94.0	76.6	77.7	82.4	80.2	0.0	61.9	88.4	59.3	56.5	97.1
70.3	98.3	82.7	74.0	86.7	74.3	72.5	93.2	61.6	63.3	99.5	99.5	88.6	61.1	65.2	0.0	67.9	66.7	74.7	63.3
90.0	83.8	75.2	56.7	83.1	71.6	81.9	67.1	67.6	98.3	79.1	83.7	91.8	59.1	81.6	69.2	0.0	73.7	71.4	90.2
98.1	71.7	69.2	65.9	91.6	97.8	93.5	59.3	96.3	87.6	78.6	96.3	58.8	86.1	92.5	62.4	92.0	0.0	87.3	92.8
56.1	85.6	97.4	87.1	71.7	76.5	96.6	83.2	77.9	97.0	68.4	97.6	75.6	65.3	80.5	57.1	85.1	93.6	0.0	76.7
99.3	58.0	82.2	58.9	97.4	84.4	66.7	64.6	55.8	67.2	86.9	85.7	78.8	70.8	97.8	94.2	79.4	90.0	97.7	0.0
0.0	62.0	67.8	69.9	73.3	77.2	94.8	65.1	55.4	57.8	92.1	66.2	67.1	55.9	99.9	80.0	99.8	69.0	90.4	93.2
96.5	0.0	78.4	76.5	80.0	59.6	60.0	77.9	74.6	88.8	56.6	72.3	55.4	94.3	98.6	74.7	98.8	56.9	76.0	84.8
93.1	91.5	0.0	78.5	60.6	87.2	71.2	56.5	71.2	69.5	75.9	68.3	90.5	95.6	71.1	76.8	86.1	88.1	78.6	67.6
90.4	82.2	55.5	0.0	78.6	70.2	74.6	68.2	91.6	93.7	73.9	74.9	57.6	96.0	60.7	81.8	98.9	69.6	93.7	86.6
73.5	57.5	70.4	84.1	0.0	83.5	65.7	99.1	63.3	78.1	76.9	83.3	64.5	86.4	97.9	98.3	57.6	77.6	85.8	61.6
78.0	95.0	79.0	66.3	85.1	0.0	67.3	78.9	80.4	60.2	67.9	68.2	67.8	80.5	85.7	86.9	67.1	71.1	81.5	81.1
82.6	97.9	67.5	76.6	65.9	96.5	0.0	75.5	66.2	70.2	58.8	60.5	63.8	85.0	62.9	98.7	59.8	57.2	89.8	96.0
90.2	68.0	100.0	61.4	98.8	81.5	65.8	0.0	60.3	86.3	62.2	97.9	93.9	93.8	57.4	77.0	72.2	65.3	69.8	62.0
87.5	85.8	92.8	66.7	63.2	99.9	76.2	58.7	0.0	58.5	68.6	90.5	70.5	94.0	74.3	66.8	64.3	58.4	71.3	75.9
73.8	87.4	74.1	74.5	70.1	98.7	69.4	86.5	98.8	0.0	69.2	70.7	84.1	63.8	87.4	61.3	79.1	56.1	77.3	79.3
71.6	83.9	55.2	95.3	61.8	56.3	82.2	60.4	61.0	64.8	0.0	60.7	64.8	99.9	91.8	89.5	81.9	65.4	72.9	56.8
96.2	75.0	72.7	99.9	84.1	78.7	95.1	80.5	94.3	80.9	93.0	0.0	71.9	69.5	89.3	88.7	76.0	62.3	74.2	57.0
81.6	75.4	70.9	65.0	62.1	64.4	78.4	82.9	92.1	68.1	98.7	97.1	0.0	81.3	96.6	99.1	55.3	91.1	96.9	74.8
58.8	79.6	64.1	89.9	88.7	97.8	87.2	75.5	88.3	65.5	97.8	64.7	90.5	0.0	76.8	59.0	60.1	93.2	73.5	66.6
84.4	91.2	88.8	87.7	63.0	68.8	96.5	67.9	76.0	84.1	72.9	55.0	62.1	92.7	0.0	59.3	78.3	93.5	67.1	94.1
91.8	85.7	99.1	82.9	89.0	86.5	85.8	58.8	65.5	73.9	72.5	56.6	77.1	66.7	91.8	0.0	57.2	69.1	92.1	85.3
67.0	82.2	80.4	84.7	85.9	66.2	67.2	57.7	99.9	66.2	59.8	92.9	99.8	96.2	82.9	59.9	0.0	67.4	95.5	71.1
90.5	90.6	82.7	86.3	65.5	82.7	96.0	99.4	78.2	90.1	62.6	85.1	89.6	92.8	95.4	74.2	77.7	0.0	55.4	84.0
64.8	94.1	68.7	57.4	85.0	76.8	55.6	96.5	67.3	76.7	95.2	59.0	63.9	62.7	93.2	58.5	83.5	69.8	0.0	92.6
66.6	71.4	74.1	73.9	96.9	69.6	70.3	77.3	82.2	85.4	95.9	96.2	70.1	70.7	96.8	90.4	62.6	75.8	65.9	0.0
0.0	68.3	58.1	91.9	98.1	97.4	83.3	66.7	99.9	72.3	69.4	87.8	62.7	94.0	91.2	77.1	72.6	99.7	65.6	72.9
88.1	0.0	70.2	73.7	82.6	96.1	87.2	87.4	69.2	58.8	71.6	72.3	86.6	57.5	93.9	55.7	72.0	69.5	55.5	82.3
98.4	86.0	0.0	76.1	63.3	57.6	60.9	96.8	88.4	88.1	56.1	90.8	56.3	82.5	82.0	84.4	78.1	81.1	98.3	70.3
83.0	86.4	94.2	0.0	99.8	86.8	66.7	61.8	98.7	84.7	89.5	97.4	61.0	97.5	66.3	77.0	94.6	69.8	72.6	84.8
69.2	82.2	88.6	79.0	0.0	73.9	72.2	79.9	60.8	62.0	77.1	67.8	90.2	69.2	86.5	95.2	70.5	59.1	57.3	88.5
59.3	89.6	75.4	89.4	96.2	0.0	66.3	89.7	66.6	79.5	80.3	93.9	97.7	95.7	56.4	98.8	88.9	94.7	93.1	76.8
99.5	93.3	63.1	90.2	95.0	93.7	0.0	99.1	99.7	67.6	70.2	73.3	92.7	85.7	91.5	70.4	90.1	90.1	56.2	92.0
95.6	92.0	97.0	73.6	67.3	58.5	93.2	0.0	61.1	65.9	95.7	80.7	74.2	65.1	62.4	55.4	73.5	70.8	98.1	74.3
59.2	78.3	93.2	82.3	67.2	74.1	81.3	57.4	0.0	77.2	82.3	87.1	55.6	72.4	80.3	69.6	90.6	85.3	74.7	68.7
72.3	82.9	73.0	88.9	59.1	65.0	86.6	58.7	85.8	0.0	70.7	61.4	56.9	61.5	74.9	93.1	80.7	70.5	94.2	76.3
62.0	81.6	89.5	70.2	80.1	74.3	87.8	94.5	68.9	67.4	0.0	95.9	67.7	70.4	66.0	96.0	95.8	98.7	95.6	87.3
60.0	76.5	57.7	98.8	94.0	89.8	80.0	62.5	60.6	70.0	57.1	0.0	71.7	80.9	93.3	71.4	76.9	60.7	60.8	82.3
78.1	80.8	83.8	96.6	73.5	68.3	85.8	72.1	99.5	86.9	71.0	67.2	0.0	72.3	76.4	95.8	99.2	89.3	67.3	56.0
70.7	70.0	84.8	86.2	59.9	96.8	62.7	85.3	69.8	72.9	73.5	97.6	63.8	0.0	65.2	98.5	86.1	92.2	59.2	68.5
60.9	85.5	97.2	66.3	92.8	90.2	94.2	56.9	59.3	95.2	55.6	81.5	69.0	94.6	0.0	88.2	70.5	96.5	78.8	85.1
81.2	76.6	69.3	84.0	76.5	89.9	57.5	83.5	57.6	98.9	87.2	83.0	95.9	62.1	63.1	0.0	90.5	86.3	92.2	63.2
89.4	62.3	96.4	58.0	91.5	60.0	87.6	93.7	91.9	97.7	88.6	74.6	70.7	83.3	88.1	82.3	0.0	68.3	90.8	88.3
68.8	62.9	71.5	95.9	65.2	55.2	69.7	81.2	97.9	93.1	87.1	92.7	97.6	96.6	73.0	66.4	67.1	0.0	66.1	62.0
65.2	97.1	91.2	63.1	58.2	63.8	80.7	85.1	67.2	67.2	69.2	67.0	82.1	92.3	63.3	95.0	96.0	69.1	0.0	92.3
84.8	60.0	70.7	91.1	65.7	74.0	65.2	79.9	71.5	60.4	59.0	64.8	68.0	98.5	92.4	62.0	95.2	94.8	76.0	0.0
0.0	96.2	59.1	69.4	79.4	84.7	76.2	85.7	79.9	85.8	82.0	56.4	65.1	87.8	60.1	85.7	64.6	56.2	72.8	85.3
86.0	0.0	59.9	86.2	59.1	63.9	79.4	83.8	68.4	73.6	62.9	91.4	55.4	87.8	63.6	59.0	59.5	60.8	71.9	76.7
73.3	94.8	0.0	64.7	72.6	78.1	74.3	61.0	90.9	94.6	70.9	64.6	57.6	71.5	66.1	87.3	55.2	96.4	80.4	94.5
94.0	95.3	60.2	0.0	97.6	56.1	70.0	70.4	88.2	69.4	68.2	98.9	81.3	57.6	96.0	87.7	74.6	58.6	89.7	60.3
85.0	78.6	93.0	80.4	0.0	91.4	75.3	85.1	94.5	83.1	61.2	63.0	62.5	99.3	90.4	58.2	83.1	93.6	71.6	67.7
87.8	74.3	90.5	69.1	80.1	0.0	81.7	69.2	96.9	73.7	63.6	77.4	60.5	59.3	96.2	93.9	66.7	90.3	71.9	90.5
85.7	69.3	80.0	89.0	87.4	64.2	0.0	87.4	61.1	92.3	75.3	84.0	97.2	97.6	96.2	82.6	98.7	87.6	64.2	98.7
57.3	80.7	69.0	86.3	63.8	70.0	63.8	0.0	77.4	93.9	99.5	66.8	91.7	69.1	77.1	97.4	86.0	74.5	73.9	91.8
88.0	96.7	70.3	63.4	66.8	74.6	67.8	86.8	0.0	98.9	64.4	78.8	98.0	72.8	65.1	65.2	81.9	59.7	65.3	60.4
65.1	67.0	98.9	98.5	96.6	93.6	70.2	86.7	91.8	0.0	70.0	87.9	73.6	94.5	93.6	83.5	95.8	60.7	66.2	65.1
95.4	66.7	69.3	72.0	93.6	72.2	74.3	69.4	58.4	84.3	0.0	70.6	99.8	61.3	69.6	85.1	99.6	74.8	79.5	60.8
77.9	83.9	98.7	81.4	59.2	72.0	97.5	93.2	62.5	57.9	77.5	0.0	75.3	80.7	80.3	99.7	99.8	65.0	77.1	79.9
81.4	73.6	83.7	94.1	57.5	83.4	88.2	83.7	69.1	62.8	56.5	83.2	0.0	59.4	67.0	72.5	98.2	96.0	55.5	67.3
62.3	85.2	68.9	58.0	89.0	93.3	92.0	73.7	77.6	96.6	84.6	70.9	71.2	0.0	59.8	60.6	67.0	85.7	63.6	95.1
71.3	97.3	79.3	76.8	76.2	73.6	79.9	80.1	62.4	98.2	92.2	55.1	87.4	79.9	0.0	64.4	98.9	90.4	57.3	70.3
77.6	58.4	74.7	90.1	79.6	56.6	87.8	77.1	82.3	58.6	69.1	89.0	83.0	60.4	60.9	0.0	60.9	60.9	59.9	93.4
88.7	56.8	65.7	92.8	88.9	73.9	90.5	61.9	56.3	56.3	78.2	93.9	94.3	88.9	94.5	97.3	0.0	72.5	86.7	76.7
72.9	68.6	92.1	73.9	90.2	71.3	85.7	60.2	82.0	78.7	88.2	63.7	71.5	71.9	98.0	67.7	73.3	0.0	88.8	73.5
69.0	80.3	80.4	91.3	96.7	61.1	67.6	93.0	69.0	69.3	71.7	85.5	68.6	72.2	96.2	61.9	91.0	81.8	0.0	88.5
70.6	94.5	96.5	75.5	74.0	59.5	67.1	85.8	88.7	80.1	87.1	89.2	59.3	83.1	89.1	94.1	55.5	55.8	62.5	0.0
0.0	56.0	89.3	57.0	96.6	58.7	59.7	88.7	70.3	87.3	82.9	95.6	96.4	86.2	82.2	61.3	95.9	75.2	57.6	89.1
81.8	0.0	59.7	71.5	73.8	56.0	89.0	60.9	97.1	85.3	62.5	89.4	99.5	98.9	84.2	93.1	98.7	74.5	90.8	81.5
83.1	83.9	0.0	76.6	74.6	64.1	97.9	57.7	92.6	57.3	86.5	56.1	97.3	93.1	58.6	55.2	60.6	70.5	90.6	67.0
72.5	67.2	75.7	0.0	69.5	83.3	58.6	65.5	76.3	100.0	92.7	99.1	73.5	57.0	80.1	61.3	84.5	64.6	55.6	90.3
91.5	85.3	81.3	65.4	0.0	96.4	72.1	58.3	88.9	87.2	67.1	81.9	61.4	85.4	68.2	75.3	71.5	65.9	96.8	67.3
99.1	91.4	63.0	80.2	92.1	0.0	68.1	72.1	58.1	88.0	55.0	80.6	85.0	67.9	86.7	64.4	92.9	62.1	73.6	65.2
71.3	89.7	56.9	67.6	65.5	64.1	0.0	87.5	75.7	85.5	90.4	83.2	60.9	87.0	69.9	73.4	58.9	97.1	65.6	97.4
85.7	58.1	74.2	74.3	97.2	62.9	97.3	0.0	91.9	68.8	73.3	93.5	78.1	75.9	57.0	56.0	64.4	57.6	81.9	85.6
72.7	63.8	96.9	64.7	96.4	83.4	75.3	74.1	0.0	58.1	76.6	88.1	72.4	99.9	90.8	88.0	92.0	55.9	79.8	69.5
92.6	83.0	99.6	84.4	71.9	82.8	59.6	71.5	98.1	0.0	98.3	77.9	82.7	88.6	78.7	75.0	62.3	72.2	90.1	85.5
84.8	66.7	61.1	75.9	63.3	93.7	69.8	70.3	69.9	86.6	0.0	88.7	73.7	65.7	81.1	70.6	66.4	83.9	70.1	95.7
61.7	55.7	55.9	87.5	93.8	98.0	73.4	77.5	75.5	99.9	87.8	0.0	72.4	72.3	60.8	65.2	97.1	64.8	97.1	66.2
69.2	57.3	94.9	76.4	56.5	90.4	62.8	90.8	99.3	71.2	91.2	68.3	0.0	74.0	88.3	88.3	75.9	57.6	99.4	70.2
66.2	95.5	57.0	70.8	59.4	94.9	74.8	87.5	95.4	84.7	92.2	75.7	71.2	0.0	56.7	98.7	80.4	74.8	77.3	82.3
65.2	62.5	94.0	75.6	94.8	62.2	81.0	76.6	67.7	97.7	83.2	91.8	79.8	58.9	0.0	69.3	86.0	92.3	74.0	85.5
77.6	98.7	64.0	86.5	68.7	69.8	83.9	70.5	67.3	96.5	66.9	80.2	89.8	74.4	76.5	0.0	92.5	98.2	78.2	76.6
65.5	95.5	66.9	93.7	82.0	65.6	78.2	86.1	58.3	86.5	89.2	92.0	94.0	61.3	76.6	78.2	0.0	78.2	83.7	96.0
81.4	76.9	96.6	91.8	59.5	57.2	58.4	95.7	79.8	62.2	67.7	89.8	56.9	64.7	73.4	55.5	85.3	0.0	81.2	57.7
73.7	84.3	95.9	73.7	64.3	96.7	63.8	98.1	93.2	78.5	88.5	84.7	60.1	99.2	89.4	66.0	68.7	77.9	0.0	81.9
58.6	67.8	59.1	92.7	83.7	87.8	89.2	88.2	97.1	65.6	80.3	82.1	68.0	71.1	89.7	97.9	62.2	71.6	59.4	0.0
0.0	96.8	73.7	74.3	67.8	57.5	56.2	67.4	96.8	85.7	59.3	62.6	95.9	62.2	81.7	71.7	95.5	71.2	68.3	83.1
70.2	0.0	86.8	62.0	70.2	63.4	62.6	99.0	75.5	94.7	89.2	87.8	55.2	63.4	72.3	72.0	73.8	76.5	60.7	78.5
95.7	75.9	0.0	58.8	68.6	71.5	67.0	80.4	92.2	74.9	81.7	70.4	93.4	80.7	57.0	58.1	66.0	55.9	57.8	93.4
62.8	83.5	90.9	0.0	73.8	94.5	79.6	80.6	65.3	63.8	80.1	90.8	60.4	90.7	75.2	82.2	80.0	87.2	55.0	97.2
86.2	96.2	81.1	85.0	0.0	94.3	58.7	62.8	67.0	95.8	93.0	61.9	57.3	62.3	80.7	60.1	98.2	92.3	85.1	59.2
73.6	58.1	91.6	83.7	72.2	0.0	100.0	67.9	64.4	99.1	90.6	67.1	68.6	62.7	59.6	57.0	59.4	67.1	82.4	56.1
58.3	82.2	89.1	81.8	98.4	82.2	0.0	78.3	99.0	61.3	86.3	83.6	86.7	64.6	95.6	59.5	81.0	61.3	89.3	88.2
72.4	71.3	69.9	61.5	78.6	93.7	85.0	0.0	73.5	90.1	85.6	81.3	86.5	58.5	64.8	85.6	93.2	91.1	55.4	67.0
85.0	75.0	68.7	59.1	93.0	58.5	78.4	71.6	0.0	67.2	83.4	93.5	74.3	68.3	59.8	60.7	90.0	81.8	69.6	62.6
93.4	57.0	71.1	86.8	91.5	73.4	71.0	62.1	82.6	0.0	94.3	96.4	55.6	61.1	66.7	96.6	97.0	97.5	84.7	80.3
72.1	88.3	65.6	63.3	79.4	84.4	90.4	71.9	76.8	82.2	0.0	77.6	57.2	99.9	99.8	70.9	98.7	95.3	94.8	59.2
86.1	90.7	63.9	72.0	86.7	66.8	88.6	66.9	74.0	67.3	61.6	0.0	58.8	70.2	83.2	86.8	71.8	87.8	90.4	70.6
77.1	59.5	71.3	65.7	93.6	96.7	57.1	62.4	78.2	90.4	71.2	81.4	0.0	64.5	64.2	84.9	84.6	84.1	76.8	99.6
90.6	98.6	66.3	72.6	71.8	70.6	75.8	83.4	61.5	63.4	66.9	62.0	93.8	0.0	95.4	86.4	77.1	75.9	58.5	85.8
74.0	76.7	73.0	72.9	58.5	82.4	66.4	74.8	98.9	89.5	65.8	94.5	60.1	94.2	0.0	74.9	72.5	56.3	90.5	92.3
86.3	77.3	55.2	73.6	70.8	80.8	81.3	70.0	97.8	92.0	84.0	63.9	88.2	71.8	89.7	0.0	93.5	97.6	89.7	97.4
95.6	63.7	75.8	89.5	88.2	97.8	78.6	72.8	96.2	99.3	73.0	98.7	63.4	61.9	70.8	96.9	0.0	73.9	55.4	72.9
80.6	57.8	64.2	88.9	97.6	87.7	58.6	58.4	60.5	82.6	68.4	80.9	90.3	74.2	89.5	61.5	97.5	0.0	93.6	69.1
93.9	81.1	91.5	94.3	61.3	71.5	84.8	62.4	74.1	100.0	74.5	99.8	97.0	55.5	70.9	96.2	63.1	56.4	0.0	78.4
67.7	63.0	67.8	86.1	55.6	60.3	86.3	89.6	55.6	76.6	56.9	73.4	61.0	93.4	97.6	94.3	65.6	67.7	70.0	0.0
0.0	92.1	60.9	74.3	89.7	63.0	66.6	76.1	72.8	99.5	85.8	61.8	72.9	82.5	55.1	73.9	78.4	62.3	55.1	85.3
58.3	0.0	74.2	63.4	87.1	88.8	84.9	95.7	59.2	70.8	74.5	93.9	75.7	87.5	91.5	82.5	99.6	94.5	95.3	70.5
70.3	91.4	0.0	61.0	88.4	56.9	94.4	78.7	80.7	70.4	90.7	81.0	83.8	89.0	69.8	69.0	55.6	65.7	91.0	75.6
94.2	67.4	97.9	0.0	86.5	58.9	92.8	72.1	97.2	82.5	95.3	75.3	60.8	95.7	80.7	96.9	74.7	83.7	60.7	69.9
88.4	68.2	99.1	87.3	0.0	84.8	77.6	65.1	60.9	95.2	65.0	84.7	61.7	98.0	86.4	57.2	88.2	77.0	60.7	83.6
64.8	69.6	92.6	60.1	59.5	0.0	67.3	58.4	81.0	81.9	68.9	64.8	89.9	72.3	60.1	59.1	93.1	56.9	55.2	96.8
78.1	94.5	59.4	61.3	84.4	76.1	0.0	70.9	95.1	92.3	88.6	96.3	88.3	64.2	90.7	85.5	60.9	74.6	95.5	74.6
77.7	92.1	86.3	94.9	57.2	77.0	65.1	0.0	62.8	78.7	69.8	66.7	82.2	85.7	95.2	57.2	73.4	85.4	73.0	86.6
81.1	98.3	99.0	74.1	81.5	82.3	92.0	64.4	0.0	72.6	70.4	78.8	57.1	64.6	74.7	73.2	65.7	69.8	98.2	82.0
68.2	69.1	88.6	74.8	77.5	65.0	71.2	89.9	59.5	0.0	63.7	72.1	69.4	77.8	68.9	55.3	88.0	60.3	59.6	91.9
78.9	85.8	61.1	59.4	87.6	59.8	79.3	88.9	87.6	64.8	0.0	95.4	58.2	94.2	72.6	55.4	62.0	76.7	71.1	62.8
83.6	76.4	55.2	85.6	85.4	93.2	89.6	69.3	68.6	58.5	72.2	0.0	97.3	58.6	86.5	87.8	98.2	69.9	59.9	88.4
56.9	84.5	58.1	87.4	82.4	89.3	86.3	90.9	83.5	58.2	91.5	63.2	0.0	78.6	86.5	75.3	98.9	60.0	69.6	72.3
62.1	99.2	75.6	70.8	74.8	65.6	76.6	60.5	89.9	84.7	59.8	72.6	68.4	0.0	88.0	64.8	60.1	63.7	70.9	90.3
88.2	58.1	58.1	69.7	84.0	93.6	85.7	83.2	95.6	98.6	59.9	81.5	55.6	65.1	0.0	79.1	73.1	57.7	90.9	57.8
92.9	65.1	91.7	95.6	89.3	75.4	58.0	89.7	76.9	68.1	62.2	83.6	57.6	88.3	80.0	0.0	57.8	59.4	78.0	84.8
82.0	84.1	64.6	55.2	94.2	58.9	93.7	87.4	86.4	83.5	91.8	71.7	55.3	93.9	89.2	57.0	0.0	56.5	77.4	94.1
88.1	58.1	96.8	92.7	72.3	57.8	92.3	58.1	87.5	56.9	78.2	92.9	74.4	81.2	74.1	83.9	65.9	0.0	76.6	84.5
99.1	64.1	75.6	98.7	92.4	57.4	63.0	90.5	70.9	76.0	78.9	79.6	70.0	55.9	77.9	81.1	87.5	74.9	0.0	59.7
72.7	58.4	58.9	69.9	83.6	71.9	96.5	70.6	84.5	87.4	88.4	80.5	61.8	85.5	98.4	69.2	94.3	70.4	79.4	0.0
0.0	86.9	63.9	77.9	72.2	86.2	81.9	76.3	94.7	72.4	73.7	79.6	97.4	75.2	71.7	76.9	85.5	83.2	60.8	95.7
80.4	0.0	61.8	75.5	91.3	92.6	74.2	93.8	60.5	73.0	75.8	68.3	74.2	70.6	59.1	74.3	63.5	60.7	73.3	96.3
96.7	71.8	0.0	76.4	55.6	90.8	72.1	76.7	64.9	79.8	69.2	60.9	81.5	97.7	74.2	71.9	63.9	94.7	78.3	76.0
74.9	74.1	85.4	0.0	73.9	61.2	84.4	62.9	58.1	96.4	87.4	82.2	68.8	75.0	97.1	94.2	65.6	87.6	69.7	58.3
86.9	64.7	68.1	74.5	0.0	99.9	94.4	97.2	93.2	75.4	55.9	75.7	71.0	91.9	98.6	89.4	91.4	93.2	81.7	81.1
70.2	77.6	85.3	59.4	91.3	0.0	72.3	68.7	94.8	89.3	77.6	62.8	72.9	80.5	91.0	80.1	78.6	89.3	71.3	76.7
89.7	87.5	90.9	94.4	92.8	60.8	0.0	61.8	67.0	61.0	81.7	64.8	99.9	66.0	87.9	93.8	62.5	62.1	80.1	83.7
95.4	58.3	58.3	84.0	64.3	80.7	68.1	0.0	88.0	74.6	94.0	89.7	78.0	96.1	72.7	93.5	57.4	98.3	75.7	79.6
95.5	85.6	68.0	86.5	59.3	83.6	62.0	83.1	0.0	55.0	80.2	56.9	93.4	66.5	76.4	94.9	94.7	65.9	99.1	94.0
99.3	93.5	65.4	92.5	57.1	89.4	90.5	72.6	62.3	0.0	62.7	90.2	96.1	95.6	55.1	70.1	79.8	92.3	63.1	81.4
87.1	62.3	88.9	62.2	81.0	86.0	76.7	68.6	60.5	79.6	0.0	78.0	96.7	62.7	73.3	96.9	82.0	88.0	68.4	89.7
73.6	91.6	59.2	72.0	59.4	95.0	88.7	87.4	98.9	60.2	93.2	0.0	88.3	61.2	66.5	59.3	57.3	97.3	95.4	89.7
64.0	89.0	55.4	74.6	94.4	63.5	72.5	85.2	93.7	77.4	60.3	95.9	0.0	76.0	73.8	59.0	96.7	96.0	67.3	61.9
56.7	61.6	87.0	76.2	97.7	67.0	78.6	92.0	58.4	73.9	67.2	55.4	69.0	0.0	73.8	93.9	74.5	69.4	95.0	96.0
70.8	81.2	96.7	91.6	94.9	70.6	76.6	91.1	94.1	68.7	63.5	63.4	74.1	90.8	0.0	72.6	90.1	85.8	60.8	76.0
93.1	74.8	93.5	85.9	63.2	93.2	64.4	77.3	90.5	76.9	85.1	75.0	78.4	91.6	67.8	0.0	64.5	85.9	63.1	57.5
69.0	79.8	56.2	77.8	59.5	71.2	99.3	66.5	83.7	71.5	67.2	75.5	99.2	81.9	71.9	67.0	0.0	90.6	89.0	67.0
58.4	64.4	79.1	76.1	74.7	64.6	80.9	70.5	72.9	57.8	68.2	87.8	76.5	81.6	57.2	84.3	97.8	0.0	73.5	98.2
83.2	65.3	59.2	66.5	55.5	99.4	81.0	71.8	64.5	89.9	61.1	76.9	98.1	97.7	62.7	72.1	69.8	87.9	0.0	94.6
97.5	77.4	87.5	71.7	97.5	60.3	72.2	99.4	96.3	84.9	83.2	59.3	69.4	63.1	98.5	77.4	79.9	79.0	55.9	0.0
0.0	65.0	61.8	61.0	69.9	87.2	90.2	67.5	83.5	93.6	92.0	89.1	99.6	87.8	58.3	78.5	72.7	81.0	65.0	67.0
95.0	0.0	79.6	82.6	68.0	84.0	85.9	93.0	61.8	73.2	64.9	97.4	67.6	97.0	95.6	68.2	76.3	61.9	77.0	98.2
70.0	76.4	0.0	71.1	85.6	70.1	84.4	91.7	95.9	89.4	55.4	98.6	81.0	59.1	78.2	69.2	61.1	90.9	95.9	81.1
80.7	93.2	82.0	0.0	93.7	86.8	90.1	57.8	90.9	87.9	67.0	90.2	64.8	59.3	85.2	81.8	88.8	89.4	90.4	62.6
97.9	64.8	97.3	83.8	0.0	55.2	88.2	62.4	85.0	79.7	59.9	59.0	93.1	96.0	67.6	86.2	62.7	70.6	65.4	98.3
58.1	91.3	88.0	76.9	57.8	0.0	96.7	59.6	95.3	98.3	87.2	63.3	82.1	78.9	79.8	56.1	99.6	89.4	93.5	67.7
69.8	56.9	64.1	98.6	94.4	77.0	0.0	92.0	88.5	64.9	93.6	57.7	97.4	56.2	97.5	77.6	91.6	64.4	82.7	82.8
79.8	87.8	57.0	55.6	84.7	90.1	88.9	0.0	84.7	69.3	90.2	79.7	64.5	80.2	72.5	61.4	72.0	58.7	76.6	72.3
70.3	87.8	86.8	78.5	96.7	91.6	71.6	81.9	0.0	77.4	81.3	93.9	95.2	77.8	93.3	96.4	59.2	60.0	86.1	65.2
55.8	57.8	59.8	93.6	88.6	64.9	87.2	76.1	65.4	0.0	94.9	98.1	55.5	62.1	94.7	65.2	91.6	65.7	85.7	64.2
87.2	74.0	59.7	88.2	85.7	90.2	94.9	95.2	90.7	98.7	0.0	96.2	92.8	99.9	58.8	58.2	80.2	89.4	55.1	65.8
59.8	68.6	98.1	71.9	99.0	82.0	74.0	90.2	96.4	68.6	94.7	0.0	58.2	98.1	57.8	76.6	80.7	99.9	61.9	68.6
72.6	99.7	58.0	69.3	67.9	60.0	94.6	87.4	60.6	83.3	91.9	98.4	0.0	94.8	57.3	91.2	71.8	58.5	57.7	68.2
88.3	67.2	62.5	66.5	71.2	86.2	92.1	77.8	70.5	83.7	87.5	95.2	99.4	0.0	55.4	87.9	67.6	66.8	68.2	83.9
97.1	65.8	70.8	70.8	58.0	64.5	90.8	67.5	76.9	81.4	92.8	76.9	88.0	88.8	0.0	62.2	65.0	62.1	59.2	70.3
69.6	94.7	96.3	98.4	73.0	77.6	81.6	93.2	72.7	95.3	80.7	88.3	88.1	61.4	83.8	0.0	83.8	56.6	94.8	96.9
69.9	75.4	94.2	96.1	89.3	76.8	72.7	76.4	56.2	65.6	96.1	60.7	80.7	85.1	82.7	87.1	0.0	66.5	97.2	64.9
89.0	57.5	93.2	91.6	69.3	98.3	87.5	64.2	89.5	77.8	66.5	90.6	89.0	64.6	77.5	92.9	82.0	0.0	87.0	64.6
86.6	73.2	80.4	92.9	96.9	82.5	92.4	98.2	69.2	69.1	56.7	91.6	91.7	89.7	66.4	68.7	91.0	93.1	0.0	71.7
75.7	85.7	84.0	90.5	95.9	90.7	71.8	99.6	63.9	71.2	71.7	86.7	90.8	73.8	55.0	90.9	55.7	68.4	83.3	0.0
0.0	76.6	80.1	65.1	61.2	63.4	98.2	63.7	74.3	60.0	86.3	70.8	66.3	56.5	74.1	98.7	59.4	96.9	88.6	80.9
95.7	0.0	57.8	79.3	79.3	79.9	84.2	86.1	72.3	75.5	89.1	98.0	79.1	56.0	67.0	57.3	74.3	98.0	56.8	86.7
68.5	72.7	0.0	96.1	75.3	91.7	73.6	67.8	88.5	55.3	90.8	64.7	98.0	89.7	72.5	62.1	57.9	87.1	66.9	97.6
57.7	70.2	67.0	0.0	61.4	92.6	76.6	78.7	58.9	96.2	65.1	94.4	87.7	88.7	79.4	86.3	77.8	84.5	63.5	58.4
56.4	70.0	61.6	88.5	0.0	57.8	71.5	64.7	78.0	77.3	87.4	71.1	98.6	65.8	60.2	96.0	65.8	75.5	62.9	57.9
65.6	87.7	94.3	74.1	93.8	0.0	96.8	89.2	58.1	55.7	70.0	65.2	84.9	95.1	72.4	55.5	82.3	88.9	74.6	90.0
68.3	62.5	92.8	80.3	55.5	98.4	0.0	78.5	65.1	63.2	75.5	80.9	59.0	76.2	92.4	97.6	66.6	74.7	73.9	94.1
75.2	58.9	60.0	87.7	96.1	85.5	75.1	0.0	70.9	70.1	76.3	58.0	56.9	97.8	73.9	82.4	57.7	64.6	86.8	69.1
78.2	84.9	87.6	89.1	92.4	76.5	67.6	83.2	0.0	75.7	56.0	55.7	68.1	85.7	56.8	66.1	77.6	88.6	90.7	83.2
77.4	69.0	80.1	97.8	65.2	70.9	67.9	77.5	98.1	0.0	80.1	88.5	96.9	79.5	94.0	90.4	79.3	55.2	62.5	93.5
84.8	56.3	71.0	66.6	69.5	94.4	89.5	75.3	55.4	94.0	0.0	95.8	93.4	57.9	66.5	86.5	94.9	66.9	87.6	90.0
82.7	80.1	72.5	85.6	92.1	57.4	79.9	99.0	93.1	69.6	90.8	0.0	92.9	55.3	57.9	96.2	59.6	86.2	67.4	85.9
72.4	88.7	91.1	73.4	82.4	85.7	72.8	68.4	88.3	80.0	60.1	62.3	0.0	69.1	99.0	58.7	71.2	96.5	62.7	66.2
91.8	60.8	93.9	94.4	55.8	91.0	88.5	85.7	59.6	79.9	64.0	93.2	87.1	0.0	66.8	79.7	90.5	75.3	70.4	79.2
72.3	86.5	79.6	64.4	90.6	95.7	89.7	87.2	92.2	60.8	73.4	91.9	95.4	75.4	0.0	98.3	90.1	96.3	85.6	65.8
84.8	69.1	93.5	75.5	94.6	89.1	58.2	82.8	62.0	93.4	82.4	95.2	98.0	84.7	68.6	0.0	86.4	99.4	89.8	89.9
81.8	56.6	77.5	80.6	80.5	68.2	88.1	78.8	87.0	81.7	63.5	82.2	59.6	60.1	70.6	90.9	0.0	96.8	94.6	88.8
66.6	89.7	59.7	70.7	58.9	79.9	92.5	94.5	76.3	76.2	96.7	66.5	92.6	84.8	91.7	58.9	83.0	0.0	73.2	57.7
68.9	59.2	67.7	79.5	73.4	86.9	80.1	70.6	73.6	98.6	76.0	61.8	78.7	69.1	94.7	77.6	89.9	64.3	0.0	60.0
66.4	70.4	86.5	98.4	73.1	72.4	88.0	85.1	56.6	66.5	86.6	68.6	95.5	66.7	80.6	69.3	93.0	98.5	84.7	0.0
0.0	60.4	68.5	57.9	59.4	91.7	71.2	85.1	66.4	68.8	60.9	61.0	93.2	64.3	70.6	71.5	59.9	61.0	86.7	98.9
58.9	0.0	65.4	98.9	55.4	73.9	65.4	80.5	98.7	61.0	83.7	96.6	72.0	71.4	68.1	69.2	57.5	70.0	91.6	62.2
65.4	91.3	0.0	55.7	82.3	87.1	98.1	92.3	90.2	88.7	61.0	79.6	65.0	85.9	81.9	66.1	86.1	82.4	56.3	66.4
85.7	74.2	89.5	0.0	73.8	66.3	62.3	66.1	94.5	60.3	71.2	91.2	65.1	56.1	63.1	89.3	55.5	76.7	66.6	61.3
85.0	60.5	88.7	78.7	0.0	61.8	76.5	85.4	97.8	97.8	99.8	91.5	64.1	98.9	87.3	61.3	73.7	84.4	71.9	97.0
79.5	72.3	67.1	55.6	84.1	0.0	80.2	57.4	65.4	84.6	94.4	96.0	57.8	77.0	60.3	76.1	68.8	72.4	93.2	77.5
57.4	82.0	92.8	77.2	98.2	57.1	0.0	68.9	84.7	71.7	80.2	57.7	89.1	83.6	66.2	71.1	66.4	75.1	98.2	79.4
77.6	97.2	63.9	87.6	60.3	82.2	55.1	0.0	77.3	75.6	64.8	69.1	62.9	99.0	74.7	79.5	79.0	96.4	99.8	90.1
62.4	95.3	90.7	79.4	56.4	74.8	57.7	74.2	0.0	99.4	60.4	77.4	88.0	65.5	94.2	63.9	72.5	67.1	58.3	64.3
67.8	66.6	73.9	59.5	57.8	62.1	63.9	71.2	95.2	0.0	95.3	58.1	61.3	59.8	55.4	60.8	65.9	69.4	68.7	63.7
94.9	69.6	71.7	85.2	78.4	88.0	76.7	74.9	66.9	59.5	0.0	65.9	92.1	92.1	93.2	86.7	84.2	56.7	98.7	81.3
94.6	65.6	95.5	84.7	61.3	75.5	56.1	90.8	91.7	56.1	89.0	0.0	65.2	92.5	87.2	61.4	85.9	62.5	93.6	55.5
62.6	70.6	86.4	97.7	88.9	59.9	70.7	94.9	63.6	72.4	65.7	80.8	0.0	56.5	81.1	98.4	88.6	71.4	90.5	59.3
93.2	60.7	94.4	62.8	70.1	92.0	60.7	67.0	63.8	87.9	71.4	97.9	90.0	0.0	68.6	73.5	85.5	79.3	70.2	84.4
59.5	57.3	65.4	69.5	91.9	77.4	78.6	84.0	86.2	81.4	95.0	79.2	99.4	64.6	0.0	58.9	80.0	80.1	74.5	83.4
97.4	95.7	99.7	86.8	90.6	69.3	67.1	86.6	69.6	70.5	86.1	89.8	57.2	92.2	84.2	0.0	97.8	85.4	80.4	84.6
61.4	78.3	64.8	95.2	61.1	93.9	58.8	83.6	99.5	61.3	71.3	82.9	56.3	61.7	59.7	88.3	0.0	98.5	95.9	72.1
74.0	96.8	93.0	99.5	63.2	82.3	70.8	72.8	88.0	83.1	75.3	95.3	68.3	69.8	93.7	92.2	100.0	0.0	96.2	73.2
67.7	97.4	69.6	63.9	97.2	73.9	94.6	93.6	76.8	91.9	76.0	63.9	86.8	58.6	62.8	84.7	96.7	57.3	0.0	66.7
77.6	81.6	98.2	82.8	63.1	98.8	59.4	85.1	79.4	69.0	97.7	65.3	62.5	74.6	90.5	67.5	70.1	63.6	72.6	0.0
0.0	88.5	100.0	96.9	63.9	94.8	82.4	98.8	72.6	55.8	67.9	77.2	77.9	91.1	93.7	90.8	73.0	66.2	59.5	92.2
73.8	0.0	88.3	70.4	93.0	58.8	79.8	71.6	96.1	97.5	92.5	64.8	85.3	64.4	97.2	81.7	86.4	86.0	66.9	67.9
60.8	73.7	0.0	64.2	77.6	99.3	90.2	56.0	86.8	85.9	62.1	78.2	83.6	83.2	85.1	91.8	71.5	97.2	61.9	57.2
71.8	76.8	85.2	0.0	57.4	82.1	62.9	83.2	82.8	95.6	90.7	80.8	57.3	90.7	62.4	78.1	84.7	90.9	63.7	63.1
81.8	86.1	81.9	59.3	0.0	61.7	99.8	78.5	59.1	78.8	88.4	94.8	90.0	75.0	66.4	71.4	75.7	57.3	62.3	88.3
68.2	79.8	64.7	71.9	62.0	0.0	86.8	91.0	69.3	67.9	57.4	87.0	84.3	96.7	65.2	93.4	90.6	65.0	58.5	98.6
59.3	79.2	96.8	91.7	84.5	68.1	0.0	73.5	77.4	71.6	78.2	72.1	67.5	70.9	56.6	71.2	56.2	73.2	80.2	82.8
85.5	70.7	58.6	57.0	60.9	86.6	56.6	0.0	90.3	64.4	78.3	62.3	95.6	71.8	93.4	58.9	73.3	67.3	68.0	76.6
68.6	98.0	85.8	81.3	98.6	60.0	98.5	87.2	0.0	85.4	78.3	62.7	61.4	83.6	63.1	99.5	96.6	67.0	96.9	85.9
99.5	78.0	76.9	74.1	84.1	63.8	62.7	64.2	64.6	0.0	96.9	90.1	66.8	78.6	95.8	58.8	93.3	88.0	97.8	76.6
87.6	94.8	68.8	64.7	73.1	91.0	68.2	60.4	85.1	92.9	0.0	62.2	76.5	75.2	78.4	56.8	70.2	93.4	93.8	96.7
67.8	56.5	67.0	66.3	70.8	64.9	61.2	73.1	65.9	76.7	81.9	0.0	79.3	93.3	70.7	78.6	58.8	93.2	70.5	88.5
55.1	92.3	88.6	97.1	79.1	65.0	82.9	57.4	67.5	86.7	95.2	98.5	0.0	78.1	99.7	99.2	85.1	55.2	82.9	58.7
55.1	71.0	69.7	91.4	70.6	69.9	87.6	82.4	97.0	88.1	64.0	82.3	69.7	0.0	99.6	91.6	56.0	56.6	87.5	81.1
79.5	99.4	69.7	90.4	99.3	80.5	76.5	97.1	67.1	83.3	74.0	66.1	76.0	95.0	0.0	95.3	95.7	80.5	66.6	56.2
55.3	91.3	87.3	90.2	81.8	86.7	66.2	56.1	81.3	69.0	86.4	91.4	72.6	64.8	87.3	0.0	98.7	78.4	83.1	77.8
70.0	73.0	96.5	70.9	71.5	61.6	92.8	67.3	93.8	87.4	56.2	71.5	89.5	90.8	84.1	89.2	0.0	77.0	77.8	77.8
81.1	71.2	58.4	90.8	61.2	74.1	85.0	81.9	82.4	68.1	71.7	66.7	72.8	59.0	92.5	57.3	98.2	0.0	85.2	89.5
78.1	76.8	79.1	95.3	77.0	62.6	70.8	58.8	69.3	64.6	75.6	74.0	83.0	73.7	88.1	60.4	89.3	66.9	0.0	75.3
93.1	91.6	78.9	55.1	96.2	59.5	87.7	67.2	99.2	78.3	61.4	76.5	95.2	78.6	98.4	86.4	99.9	83.5	55.9	0.0
0.0	99.3	69.6	57.7	79.0	58.8	81.9	61.2	77.0	64.5	93.8	94.1	62.8	62.2	82.4	96.0	71.7	75.0	83.0	56.4
76.0	0.0	74.9	95.3	79.7	72.3	80.7	77.0	94.8	90.8	72.7	98.9	59.1	79.5	65.3	90.3	89.3	86.3	75.6	80.3
88.6	97.3	0.0	68.4	98.6	66.6	94.5	93.7	60.0	61.1	66.3	62.8	55.9	84.3	74.9	91.8	99.7	68.3	71.8	76.6
88.2	64.4	69.4	0.0	56.9	96.5	58.8	79.7	90.6	78.3	60.9	89.4	63.3	73.8	64.4	71.5	89.3	92.3	75.6	86.8
73.3	75.8	68.5	64.2	0.0	71.5	74.7	72.7	65.4	87.1	75.6	75.5	87.0	55.7	70.0	97.7	97.2	90.8	81.0	71.3
80.4	55.3	66.8	58.5	69.4	0.0	55.0	91.2	81.6	74.2	69.0	69.6	85.9	99.9	81.2	97.4	78.4	75.8	95.4	71.9
97.2	92.8	59.9	82.7	64.5	71.9	0.0	69.8	58.8	81.0	96.7	62.4	84.4	86.8	60.1	76.9	88.4	93.0	63.3	72.0
87.4	72.6	59.8	91.1	89.0	61.3	71.0	0.0	68.1	70.2	92.8	99.1	57.5	74.6	62.2	66.9	90.1	68.1	89.6	64.8
80.8	79.7	91.9	83.2	93.4	57.4	72.2	69.2	0.0	64.5	69.3	72.4	98.0	92.7	64.6	78.3	87.6	70.7	62.7	90.6
84.5	73.3	71.0	57.7	80.7	71.4	77.9	74.0	89.0	0.0	67.8	77.3	85.4	69.0	90.7	81.3	85.8	97.0	76.4	60.5
81.7	59.6	67.2	66.1	82.5	81.5	60.4	84.1	88.1	63.7	0.0	86.4	62.6	94.6	60.8	84.7	62.7	63.0	84.3	67.1
79.4	57.6	55.8	74.7	64.3	78.8	55.2	63.8	85.9	56.5	78.8	0.0	86.0	80.1	55.5	57.4	99.5	55.1	75.3	56.8
78.4	95.9	64.4	60.5	60.1	66.7	65.5	61.7	76.7	90.0	86.5	83.1	0.0	83.9	99.9	56.0	58.9	84.2	68.9	67.4
95.5	89.8	89.0	74.3	97.1	98.7	86.8	76.3	98.8	85.1	78.0	74.7	65.0	0.0	96.1	74.2	67.0	85.8	80.1	80.6
76.2	87.0	87.2	86.0	55.5	91.1	67.8	87.2	98.2	59.7	65.3	97.4	97.7	84.4	0.0	64.3	79.3	62.9	88.6	84.6
55.3	75.6	82.1	59.4	77.6	77.8	74.3	89.1	91.4	98.3	79.4	76.1	62.4	63.9	63.9	0.0	81.8	80.8	61.8	95.5
62.5	93.3	94.9	68.4	63.2	83.8	99.0	95.0	93.1	89.3	71.8	96.2	75.7	75.0	71.3	64.7	0.0	87.6	87.5	78.1
94.5	56.4	89.6	61.9	84.0	85.4	67.9	96.5	85.4	91.5	99.3	97.3	92.8	97.9	60.4	57.1	88.7	0.0	59.9	67.0
59.8	73.5	64.6	65.0	88.8	64.3	89.4	67.4	74.8	83.0	76.1	59.3	72.4	93.4	68.7	96.8	55.2	69.9	0.0	66.4
73.7	96.8	60.5	64.0	82.0	58.7	87.7	93.6	74.9	64.4	74.8	63.5	84.5	88.0	76.9	63.7	56.2	64.6	64.0	0.0
0.0	77.8	60.7	69.7	77.1	58.7	56.0	62.5	67.9	90.3	60.1	71.1	61.4	88.0	77.8	86.9	87.5	61.1	70.6	74.2
74.3	0.0	69.2	98.3	96.5	78.6	68.3	67.0	95.8	96.5	98.2	65.4	85.3	56.5	86.7	90.0	87.2	97.1	74.4	87.5
57.2	88.7	0.0	61.7	73.6	67.2	91.9	92.8	63.6	98.3	67.4	70.0	97.5	76.1	94.4	89.5	71.4	95.5	63.0	67.6
74.8	82.4	66.7	0.0	66.5	82.4	83.3	97.7	91.7	55.7	95.7	69.6	75.0	89.0	82.2	56.1	90.3	100.0	60.7	94.2
58.2	57.0	66.2	66.1	0.0	73.2	67.2	80.6	84.7	69.6	87.1	76.8	63.7	64.1	63.0	56.7	76.2	72.3	72.9	60.2
68.5	63.7	81.7	60.1	65.5	0.0	84.1	96.2	78.7	87.1	77.1	80.2	98.6	72.5	78.4	81.4	60.0	76.3	96.1	74.7
75.1	67.5	80.7	92.5	85.0	72.9	0.0	71.1	80.3	75.0	68.9	80.5	97.7	62.2	78.1	55.5	81.5	95.6	93.2	80.5
75.8	57.3	97.5	76.5	69.6	91.0	62.2	0.0	77.8	55.2	70.3	90.9	84.7	55.7	80.5	95.2	93.7	91.8	92.5	86.6
56.3	77.0	88.5	56.6	83.7	67.2	68.0	95.2	0.0	67.1	75.0	94.0	66.9	60.6	93.6	84.0	90.5	82.6	76.3	94.2
82.0	56.5	95.8	91.3	80.4	65.8	89.5	93.0	60.2	0.0	72.9	89.6	86.2	84.2	60.9	93.3	89.6	80.9	72.2	55.8
75.0	61.1	66.0	79.7	56.6	95.5	96.4	99.7	67.6	67.9	0.0	86.4	97.9	91.3	62.9	99.9	75.9	63.1	69.1	62.8
70.5	81.9	91.5	76.8	73.5	81.8	96.4	89.6	63.9	84.7	90.7	0.0	76.7	94.9	85.3	64.5	79.6	82.8	73.6	58.5
61.9	80.3	95.8	56.9	86.9	74.1	87.3	88.9	96.7	68.7	71.1	73.8	0.0	60.0	76.6	85.0	55.2	80.7	75.3	62.9
57.6	83.1	78.2	89.0	68.6	83.0	71.2	95.1	85.5	70.8	83.7	61.1	73.9	0.0	84.7	66.4	55.0	78.3	87.7	63.2
81.9	76.6	72.8	67.1	98.5	60.4	62.9	66.7	91.2	96.9	75.8	56.6	81.7	68.8	0.0	98.5	57.0	94.4	66.1	61.2
75.6	97.0	71.8	71.5	58.4	96.5	70.0	85.0	77.7	57.7	77.2	99.5	77.3	85.5	72.7	0.0	82.7	79.0	96.6	99.5
62.4	74.0	80.2	75.1	80.4	60.8	89.0	80.1	58.9	55.0	59.1	79.9	66.9	86.8	60.5	81.6	0.0	57.9	95.0	64.9
87.0	74.1	65.1	71.0	80.6	55.0	75.7	85.2	64.4	97.9	93.8	97.7	99.3	82.1	76.6	66.3	69.8	0.0	98.0	96.0
66.4	84.2	78.3	93.9	70.0	70.9	99.8	70.6	92.7	77.0	95.7	99.2	72.0	59.1	92.2	74.6	94.2	75.7	0.0	91.6
91.7	59.6	66.2	77.0	82.5	88.1	95.9	99.4	57.5	58.5	79.5	85.4	85.3	97.9	61.0	73.6	56.5	83.0	58.9	0.0
0.0	83.5	95.7	96.6	88.8	78.5	93.9	58.9	83.5	76.4	71.4	73.8	93.2	81.3	60.1	58.7	61.3	98.8	88.4	76.2
83.9	0.0	65.4	70.3	67.3	81.4	80.4	93.6	76.1	58.6	81.0	56.2	55.2	68.9	99.3	85.4	99.1	72.4	82.0	61.1
63.0	55.9	0.0	84.9	86.3	64.6	65.3	56.2	64.3	72.1	56.0	59.1	95.3	76.5	93.6	71.7	91.1	86.7	90.0	95.9
92.1	69.6	94.3	0.0	57.3	72.2	56.7	84.4	65.7	95.2	87.2	89.7	96.1	99.6	81.1	68.5	68.8	83.0	82.4	69.0
88.8	60.9	56.7	59.3	0.0	86.4	79.9	84.7	81.0	56.9	98.1	91.3	58.5	66.9	81.5	92.7	66.0	69.9	84.5	90.1
61.6	76.5	88.7	78.5	80.9	0.0	77.2	75.2	91.5	61.0	71.5	61.0	69.0	91.5	81.6	92.8	86.9	64.8	70.8	84.9
93.7	81.9	93.7	94.1	87.0	78.6	0.0	76.5	82.5	58.1	69.7	94.9	75.6	75.9	79.6	77.5	96.6	86.0	99.9	89.0
78.7	61.4	59.6	92.2	74.1	60.5	56.7	0.0	63.3	79.5	80.0	68.1	92.5	93.2	89.5	95.5	95.7	82.7	64.5	89.5
85.8	83.9	79.1	65.3	83.1	94.6	94.7	59.0	0.0	81.3	80.0	77.1	98.6	90.1	73.3	88.1	58.3	92.4	72.8	74.4
95.3	66.3	63.6	86.8	71.6	64.5	66.0	91.4	93.3	0.0	89.8	62.4	68.5	60.3	95.1	84.8	79.7	93.0	59.7	64.9
98.4	81.6	82.3	76.2	79.2	84.5	82.9	60.4	65.1	89.2	0.0	99.2	77.2	99.6	65.5	87.0	61.8	59.5	59.7	95.7
61.8	87.9	89.6	98.3	97.9	68.6	65.9	84.3	63.0	96.0	84.9	0.0	62.8	59.8	72.8	71.1	61.3	79.5	73.2	67.2
81.0	97.1	89.0	90.0	96.4	71.2	95.2	75.1	86.4	87.8	60.0	91.2	0.0	92.8	56.7	93.1	90.8	70.8	80.5	92.1
83.5	63.4	72.2	63.4	67.7	71.3	86.0	60.9	99.5	91.3	93.7	56.4	80.2	0.0	86.2	89.1	60.6	94.3	98.9	81.3
84.5	59.3	91.4	99.4	71.6	77.1	88.2	55.7	69.1	75.6	60.7	78.7	60.3	57.9	0.0	69.7	85.6	76.4	68.4	86.0
55.9	83.4	67.1	56.8	88.2	93.6	56.4	84.0	63.1	85.8	72.2	58.8	90.8	56.5	90.4	0.0	76.9	85.0	63.4	85.6
77.0	87.6	70.9	87.4	56.6	74.5	77.6	72.1	73.1	90.2	78.7	77.3	58.7	78.8	67.6	55.9	0.0	71.3	69.6	55.8
62.5	91.6	89.7	91.2	80.0	65.1	69.9	90.7	71.2	86.9	91.9	71.7	83.4	60.3	71.2	65.4	81.9	0.0	87.1	65.4
81.4	67.2	67.1	79.1	60.2	65.4	86.3	77.0	83.7	78.7	77.2	62.3	73.0	88.5	93.5	74.9	81.8	95.8	0.0	58.3
67.8	64.6	64.3	83.6	76.0	90.4	89.7	88.2	92.9	97.2	82.4	73.0	90.8	57.2	68.5	76.6	75.8	83.5	60.9	0.0
0.0	54.2	56.8	50.3	50.7	51.5	50.9	48.9	55.9	49.1	59.8	47.4	47.3	59.2	53.2	53.9	60.3	48.0	47.4	43.2
55.2	0.0	59.7	43.3	59.1	49.3	58.6	58.0	49.6	43.0	49.8	57.2	56.6	55.8	42.7	42.7	58.9	52.5	45.9	41.7
59.9	59.1	0.0	42.9	49.8	53.6	45.6	54.3	45.2	46.9	49.5	47.8	45.8	44.6	50.9	43.5	51.2	49.0	49.4	58.0
41.6	47.6	55.6	0.0	47.3	41.3	47.8	47.5	55.7	60.7	41.6	48.5	43.7	59.2	54.5	42.6	47.3	42.2	53.0	48.1
54.6	43.6	44.6	54.9	0.0	60.2	49.7	42.1	47.9	47.6	49.7	46.1	56.5	42.3	60.4	52.9	43.1	53.1	43.1	48.4
42.4	59.5	52.1	56.9	44.2	0.0	42.6	55.7	45.1	51.7	52.0	43.8	44.0	54.9	57.4	54.5	57.2	44.2	57.0	56.2
50.2	60.5	49.2	56.9	59.2	45.3	0.0	51.5	41.7	45.6	59.2	58.1	46.4	59.2	44.9	50.3	53.0	58.0	51.9	58.4
56.4	53.9	43.5	60.3	56.6	45.6	50.3	0.0	44.4	55.3	46.9	41.2	42.8	55.6	42.5	46.9	59.2	58.7	49.0	49.3
56.5	50.4	46.7	52.8	54.1	48.4	43.1	60.8	0.0	50.5	47.4	44.8	61.0	47.0	48.1	47.6	43.5	52.6	60.8	41.8
50.6	54.2	43.7	42.3	58.8	59.5	42.4	57.0	52.6	0.0	57.7	41.2	49.0	57.0	47.4	56.1	44.0	41.7	49.5	50.0
55.9	54.9	54.8	58.8	52.0	51.8	42.9	51.0	58.0	49.8	0.0	49.8	60.4	50.8	54.4	59.5	41.3	50.5	57.5	60.5
56.3	55.6	41.5	59.1	48.6	52.9	43.1	61.0	52.8	47.5	60.2	0.0	55.0	50.4	58.7	44.3	53.7	57.5	45.0	47.5
42.3	51.1	48.8	50.8	58.2	60.1	41.7	48.4	51.1	42.3	48.6	42.4	0.0	56.8	57.0	52.8	44.1	53.1	49.0	51.3
46.1	56.8	59.8	59.4	58.0	59.3	59.7	53.6	51.9	51.4	49.4	54.0	53.7	0.0	48.0	47.0	60.8	59.9	52.1	60.2
45.6	46.5	47.2	56.7	46.7	44.6	47.4	47.3	44.2	45.2	44.3	60.3	52.0	49.1	0.0	44.7	42.9	53.0	56.8	60.2
51.9	44.3	44.4	57.1	41.8	42.1	59.0	43.3	49.7	48.7	57.1	57.1	55.1	56.1	48.7	0.0	51.4	50.5	47.7	58.7
42.3	57.6	55.2	46.1	58.6	58.0	51.8	47.9	55.7	53.8	46.2	58.8	42.4	47.2	46.1	44.8	0.0	56.2	53.2	56.5
50.7	52.7	58.2	55.5	60.6	56.0	59.4	55.4	55.5	51.9	49.8	43.2	41.8	60.9	56.8	54.6	57.5	0.0	58.9	56.8
49.4	56.4	48.4	51.3	58.9	53.9	55.2	60.9	44.0	43.9	57.2	41.8	60.9	52.5	48.9	56.2	50.9	48.0	0.0	59.7
43.0	54.2	48.1	60.0	46.8	53.8	55.9	57.6	50.6	54.1	47.3	41.5	43.7	44.0	60.5	55.6	54.3	47.8	50.0	0.0
0.0	51.2	52.6	42.7	52.3	43.9	46.1	52.2	43.9	50.2	41.7	55.4	54.4	57.9	47.5	49.3	51.3	41.5	48.6	51.8
56.4	0.0	56.6	58.0	59.2	43.0	43.6	43.0	58.6	53.3	46.0	60.6	46.0	53.4	50.0	55.5	53.7	52.6	46.8	51.6
54.2	55.8	0.0	60.1	57.4	55.0	60.7	43.9	57.7	55.2	56.8	54.6	50.7	59.5	58.1	42.6	46.4	53.3	51.6	43.8
56.1	41.2	56.3	0.0	50.8	42.5	54.9	57.9	55.1	51.1	53.8	46.8	49.1	48.9	48.6	44.8	46.5	55.6	46.5	57.2
58.9	47.4	56.4	41.5	0.0	44.6	53.6	53.0	42.0	55.2	55.2	41.6	50.6	54.9	59.3	48.7	47.2	50.3	55.6	52.0
57.1	46.9	54.3	54.6	45.5	0.0	54.3	46.4	44.7	57.3	47.2	41.6	43.9	53.7	55.3	51.8	57.6	45.1	43.0	60.5
58.2	54.0	45.1	56.0	57.7	45.5	0.0	41.6	53.2	42.5	54.6	59.5	42.7	52.0	60.7	45.0	60.4	56.5	54.2	43.9
53.3	48.2	60.7	43.0	49.6	48.9	47.1	0.0	56.6	49.4	55.8	45.3	49.5	45.4	41.3	50.0	47.1	51.9	59.8	53.7
52.7	48.0	60.4	47.0	59.9	48.6	42.1	44.5	0.0	55.2	52.1	41.5	54.4	46.4	43.4	59.3	49.9	55.0	45.1	50.4
42.2	41.2	44.7	59.2	43.7	41.4	44.8	50.7	57.2	0.0	42.7	57.5	54.1	47.4	41.2	54.8	41.7	43.7	52.7	50.2
56.6	49.7	48.1	55.3	54.6	43.6	51.5	59.5	41.4	51.8	0.0	55.6	52.0	41.5	42.4	49.6	41.5	46.9	50.1	52.2
58.9	56.2	57.5	42.4	41.3	51.8	54.4	50.6	48.7	53.8	55.3	0.0	50.1	47.2	48.3	56.1	45.9	55.9	46.0	60.3
59.4	54.9	55.5	51.4	55.8	42.7	56.6	52.3	48.9	60.1	58.1	50.9	0.0	44.1	43.3	59.3	61.0	53.3	47.2	44.4
53.2	52.6	44.5	56.1	45.1	43.7	45.9	50.1	47.9	46.9	50.5	47.5	45.5	0.0	46.8	43.0	59.9	59.2	45.4	59.9
49.3	45.8	51.4	43.5	47.3	60.6	48.8	54.8	51.0	51.9	49.4	45.6	45.6	44.8	0.0	58.1	53.1	45.7	54.7	46.6
42.8	49.4	54.9	41.9	45.6	47.1	58.3	47.8	60.0	45.2	60.1	45.0	54.9	59.1	50.8	0.0	44.0	49.9	44.7	47.0
49.5	45.5	52.5	56.8	53.8	55.8	52.5	60.0	59.4	60.8	60.5	51.9	54.8	52.6	58.3	50.7	0.0	56.5	43.3	59.0
50.4	52.6	58.8	43.6	43.9	50.0	54.7	60.6	52.9	51.1	41.7	51.4	48.5	52.3	44.0	45.7	59.7	0.0	41.0	59.4
54.1	41.9	50.4	48.8	43.6	42.5	60.9	42.8	42.2	56.7	52.4	43.0	53.5	42.5	57.5	45.9	50.4	55.8	0.0	58.3
47.7	50.7	47.3	52.1	45.2	48.7	54.7	50.6	54.5	54.6	47.2	54.1	48.0	47.4	42.4	56.2	58.6	54.3	53.4	0.0
0.0	51.5	54.5	47.2	49.5	54.4	56.1	41.2	47.1	41.0	46.0	51.0	45.4	42.8	60.9	53.8	42.4	57.1	54.1	48.6
43.2	0.0	59.8	55.4	57.0	43.9	57.2	47.5	53.4	47.2	49.1	52.7	58.3	50.7	57.0	56.2	51.4	59.9	41.3	43.7
50.5	55.6	0.0	55.3	57.0	48.5	55.4	57.3	56.3	57.3	52.7	44.8	54.6	51.1	51.1	44.7	60.5	44.6	59.6	54.2
47.8	47.9	60.6	0.0	59.4	51.4	52.6	52.5	54.0	49.3	46.3	47.6	47.7	46.7	61.0	55.5	45.1	50.2	48.1	43.4
46.9	57.9	46.0	60.3	0.0	49.1	55.8	49.2	59.1	57.0	50.8	47.4	54.2	49.5	48.5	43.8	55.5	45.3	51.8	46.6
57.1	51.0	60.3	44.7	50.0	0.0	45.6	54.0	50.7	56.8	55.2	53.5	48.8	56.5	49.9	41.9	48.1	56.0	58.0	50.0
56.8	55.7	51.2	56.8	53.8	59.2	0.0	60.0	53.1	56.8	44.9	45.6	54.0	60.8	52.7	47.1	55.4	48.1	59.0	53.1
60.1	55.0	41.8	47.4	58.7	53.1	59.8	0.0	44.8	45.8	43.4	52.7	58.5	47.5	55.9	45.8	51.8	55.9	53.5	45.5
48.2	50.0	53.6	57.0	47.8	51.2	51.0	51.5	0.0	55.2	58.2	53.1	48.8	55.3	57.7	50.3	56.6	44.6	50.1	49.2
55.7	57.5	44.2	51.6	60.7	45.9	54.0	42.2	54.1	0.0	47.1	51.6	41.3	45.2	60.6	48.4	59.7	41.1	42.3	46.9
44.6	45.2	54.9	50.8	48.6	47.4	46.7	60.1	58.1	55.2	0.0	57.3	46.3	47.1	52.9	47.4	59.3	43.7	42.5	41.7
46.3	43.3	60.0	58.9	51.8	50.6	50.6	53.7	53.2	56.4	44.8	0.0	57.3	57.2	47.3	55.5	44.9	57.0	44.0	55.9
43.3	58.5	56.4	47.1	47.8	45.9	51.6	49.6	52.3	55.4	54.1	47.7	0.0	45.7	54.0	57.4	60.0	46.3	59.6	60.5
47.3	60.8	50.0	50.5	52.7	49.7	57.1	56.8	60.2	59.5	54.9	59.4	56.7	0.0	53.2	59.4	45.1	49.9	44.0	46.8
52.9	57.9	60.6	58.3	56.8	57.7	54.8	53.4	60.2	60.6	57.8	41.2	57.6	45.3	0.0	58.3	49.0	41.1	52.4	56.7
53.4	41.4	52.5	43.9	51.2	50.9	57.3	60.6	60.1	51.9	60.4	44.6	44.8	54.7	43.3	0.0	45.7	52.0	57.8	53.0
43.6	59.4	45.2	42.6	43.4	54.0	45.9	47.0	51.1	43.9	56.6	59.3	51.7	44.5	52.2	42.5	0.0	42.1	54.2	54.7
54.4	46.2	42.0	56.9	57.8	59.4	41.6	45.3	56.7	58.0	45.9	49.4	51.7	53.7	46.3	51.7	45.3	0.0	43.6	59.1
42.6	43.7	59.3	58.1	43.0	41.7	60.9	58.9	51.3	50.7	48.9	53.9	58.3	50.6	42.2	60.9	54.2	50.4	0.0	54.8
42.7	44.8	50.9	57.3	42.2	41.2	51.7	48.3	42.6	51.7	59.6	53.4	53.0	47.7	56.3	47.9	47.9	48.0	48.6	0.0
0.0	58.1	43.7	48.7	51.8	57.3	50.5	41.5	41.6	59.2	50.1	46.5	41.3	59.3	50.5	43.7	46.9	53.2	46.8	54.4
43.6	0.0	55.4	44.5	55.7	46.0	49.4	52.8	54.0	49.5	48.3	41.7	55.5	51.8	48.8	47.9	41.2	57.0	50.8	58.7
49.7	49.7	0.0	52.7	53.1	44.8	49.9	49.8	53.3	51.6	44.2	49.9	55.9	47.7	58.2	49.7	60.9	45.8	58.1	55.8
56.4	60.9	49.1	0.0	56.7	58.3	60.1	45.5	60.0	56.1	41.0	46.5	48.8	45.6	58.5	60.2	51.5	60.9	48.4	59.5
56.4	53.3	53.3	60.5	0.0	60.7	41.9	48.4	56.6	51.8	53.2	55.3	60.9	45.8	42.4	51.2	44.2	60.9	51.5	56.5
46.0	48.7	58.4	58.4	42.1	0.0	53.8	56.2	53.2	49.9	56.4	60.9	50.4	46.1	47.4	60.6	50.1	46.6	52.8	57.6
45.4	56.0	59.8	54.4	58.2	48.9	0.0	52.3	41.8	52.3	56.4	44.9	58.8	57.8	51.3	47.8	53.7	43.4	49.3	42.6
58.7	60.1	60.6	44.3	57.7	52.6	48.6	0.0	55.6	43.7	57.6	48.2	45.9	54.7	46.9	49.2	47.1	45.9	59.2	57.4
41.5	60.5	58.4	47.5	45.2	56.3	60.5	41.0	0.0	42.9	56.3	53.7	41.4	42.2	41.6	51.1	42.6	60.2	52.4	51.1
43.9	47.1	45.6	46.7	50.1	42.0	50.1	52.5	49.4	0.0	49.9	51.8	50.7	55.6	47.2	58.8	54.7	55.8	56.1	59.4
49.4	41.7	54.1	50.8	41.2	48.4	55.9	43.2	57.2	47.3	0.0	46.6	44.9	43.2	58.7	53.5	55.5	43.8	47.0	50.0
49.9	41.9	42.8	53.4	50.4	54.4	58.8	48.6	58.9	52.0	44.1	0.0	55.0	44.1	52.4	49.2	59.4	43.1	59.3	53.8
48.5	41.7	42.4	55.3	60.8	44.6	41.8	42.0	57.8	56.7	55.6	49.1	0.0	55.9	55.5	54.8	46.5	50.2	46.5	50.2
49.7	41.7	42.8	53.8	46.8	57.1	43.9	42.3	52.7	54.6	46.3	54.9	53.8	0.0	50.6	50.5	53.8	51.1	46.7	49.1
47.8	56.8	59.4	46.4	49.1	56.5	53.0	53.5	60.8	44.6	52.3	49.8	46.8	59.8	0.0	41.2	45.9	52.2	41.1	50.1
45.9	59.0	54.5	56.3	51.2	49.4	50.1	58.8	44.6	58.3	46.5	43.3	42.9	55.1	60.4	0.0	58.4	44.6	59.3	60.7
44.0	55.4	59.1	58.0	45.9	43.0	59.5	44.4	46.4	56.7	44.3	46.2	45.2	50.2	49.9	58.2	0.0	55.4	46.1	51.3
47.4	42.2	54.4	50.6	44.5	51.7	41.7	59.9	44.7	60.1	48.4	58.4	50.2	44.5	45.0	51.5	52.2	0.0	49.7	49.1
52.0	49.5	45.7	51.2	54.9	47.6	43.8	53.5	48.0	57.3	50.9	49.4	55.0	46.1	42.3	51.3	55.2	56.9	0.0	52.2
58.1	53.8	54.3	47.2	43.7	49.0	59.6	52.8	55.4	50.6	54.4	54.1	46.1	46.8	50.1	53.6	44.8	45.0	52.6	0.0
0.0	43.6	43.2	56.7	47.1	48.2	51.8	46.4	54.0	43.7	45.4	54.0	43.7	51.7	48.9	46.0	41.3	47.5	52.6	44.8
55.7	0.0	51.9	50.8	56.6	44.2	50.8	61.0	58.9	48.1	58.9	51.3	44.9	50.4	55.0	55.6	60.2	57.5	57.6	58.1
44.4	58.8	0.0	45.7	44.6	49.0	55.8	58.3	51.2	58.0	52.8	55.4	42.3	58.2	43.3	43.0	55.6	47.1	43.4	45.6
49.6	54.8	51.2	0.0	41.9	48.8	50.8	45.7	46.4	53.3	50.7	60.5	59.9	42.0	52.9	53.8	48.4	44.9	60.2	55.5
60.6	49.3	46.6	59.8	0.0	41.9	55.1	44.8	45.2	47.0	45.1	56.2	50.9	43.0	52.4	51.1	42.8	46.8	43.8	46.2
53.2	48.7	52.9	41.0	48.4	0.0	49.1	60.8	52.0	51.3	51.6	46.4	54.6	44.3	52.9	45.7	49.2	50.3	44.1	58.4
43.7	52.2	47.2	57.4	60.3	44.8	0.0	55.3	46.9	53.1	48.5	51.5	50.0	51.0	51.4	52.8	52.2	51.1	42.4	41.7
47.8	54.2	59.6	57.0	55.2	52.3	42.8	0.0	46.0	59.2	42.9	56.7	57.2	41.9	58.4	58.1	54.7	54.9	48.9	54.6
56.3	50.6	47.6	45.9	59.3	53.6	58.9	50.0	0.0	46.1	59.7	44.0	53.5	43.9	42.1	52.7	58.0	45.8	55.2	50.0
51.7	45.2	51.1	55.8	52.0	42.6	59.2	49.1	53.0	0.0	53.0	56.2	47.9	43.3	47.4	48.0	51.6	44.5	47.8	56.3
51.8	50.4	49.5	51.8	54.9	51.4	47.0	46.1	41.9	43.7	0.0	52.8	42.7	58.7	54.3	50.4	51.3	46.5	54.5	52.9
44.0	58.8	53.3	58.8	47.9	45.3	45.9	49.5	53.6	60.6	43.5	0.0	59.1	48.9	51.8	55.0	56.6	60.0	45.6	46.2
57.3	57.4	44.9	53.1	57.9	58.7	56.0	47.2	57.7	41.4	50.2	55.1	0.0	49.5	57.1	49.4	57.0	45.3	46.8	44.6
59.1	60.0	48.9	50.1	51.4	43.3	54.8	55.6	54.2	55.1	44.4	59.9	52.7	0.0	45.7	42.3	46.6	55.1	51.5	42.3
53.8	43.5	59.4	47.2	46.9	49.5	54.3	49.9	46.0	53.4	53.4	50.9	53.2	45.9	0.0	59.5	42.9	47.8	48.4	49.9
50.2	54.5	58.8	42.2	51.3	47.1	46.0	57.6	60.9	54.6	52.5	56.2	56.0	55.8	42.0	0.0	46.7	58.1	54.1	51.9
46.0	45.9	58.4	59.0	47.1	60.8	48.8	41.6	53.9	50.0	58.6	57.0	47.4	58.8	43.2	51.0	0.0	57.2	41.4	53.2
51.6	59.2	50.9	42.3	58.1	52.2	60.5	59.7	43.9	41.2	52.0	43.8	48.1	55.9	56.0	45.8	54.0	0.0	54.4	51.6
53.3	48.2	42.2	56.4	51.4	49.6	45.8	54.3	49.9	42.2	44.2	47.0	56.8	44.4	45.6	49.0	42.8	43.7	0.0	55.3
58.7	50.3	57.6	48.8	55.1	56.2	56.7	59.5	48.7	57.1	41.7	55.9	49.8	49.2	58.5	43.1	53.9	56.1	57.7	0.0
0.0	45.6	58.6	57.3	43.8	46.0	44.7	56.4	45.2	52.4	52.1	48.3	54.4	58.9	54.9	45.4	59.2	60.4	51.4	60.8
45.1	0.0	60.5	51.9	55.1	60.4	48.8	57.9	45.0	52.4	45.8	53.9	41.5	49.9	48.4	58.0	46.7	44.9	51.7	49.7
53.4	46.6	0.0	57.9	41.3	47.5	51.8	44.6	41.7	52.9	53.0	60.0	44.7	59.6	57.5	47.5	55.6	43.7	51.2	46.9
46.0	57.5	58.5	0.0	53.3	47.2	50.1	54.8	55.3	52.4	45.9	51.3	46.5	46.2	53.7	59.7	56.9	53.8	45.4	50.1
44.6	48.8	44.0	45.4	0.0	50.5	60.1	41.9	49.1	48.0	47.1	46.3	51.5	45.2	56.4	42.3	56.8	46.3	58.9	45.5
44.1	50.1	45.7	51.4	57.5	0.0	45.5	49.2	54.6	49.4	50.6	44.4	59.1	43.3	42.5	42.6	53.7	51.7	58.2	57.9
47.8	41.3	49.4	52.5	44.0	43.0	0.0	56.0	54.2	41.5	43.7	47.6	54.1	55.8	41.1	47.6	57.7	58.0	52.2	49.6
56.7	57.6	56.6	45.5	57.1	54.1	43.9	0.0	55.5	44.5	55.5	42.1	50.8	59.8	59.8	49.0	51.6	43.0	49.5	56.5
42.4	47.8	55.8	44.2	58.6	54.3	50.1	56.0	0.0	44.1	48.1	56.5	42.4	42.5	44.4	46.9	53.7	57.2	58.6	49.1
45.5	43.4	45.3	45.4	46.8	50.2	60.5	52.9	54.4	0.0	43.8	48.9	50.4	51.4	46.9	42.3	48.6	50.5	60.4	56.2
53.9	55.3	54.1	48.7	41.1	60.2	58.6	44.8	52.3	50.1	0.0	45.4	41.3	53.4	42.1	48.1	44.9	56.8	41.5	50.3
49.7	60.6	59.9	56.1	58.7	51.8	50.1	59.7	59.1	47.0	53.1	0.0	57.0	57.4	59.3	50.4	44.9	53.9	49.8	44.8
50.8	51.6	46.0	60.5	58.0	41.2	53.0	51.3	54.6	56.6	45.5	56.7	0.0	54.1	60.3	55.8	45.5	47.6	42.1	41.3
43.6	43.1	60.0	45.7	47.4	46.4	52.6	47.8	55.7	41.3	46.6	41.0	59.9	0.0	54.1	50.0	56.3	59.5	55.3	43.3
55.5	53.3	54.9	42.5	50.4	60.6	48.7	48.7	60.2	41.2	42.3	51.2	49.7	46.4	0.0	47.7	51.1	52.8	51.3	51.7
51.8	49.7	56.2	49.9	60.0	56.6	45.2	57.3	60.4	52.0	50.5	43.9	56.9	53.8	58.7	0.0	55.9	42.2	44.0	54.6
57.9	45.4	53.6	44.1	53.8	56.2	56.1	55.9	48.4	51.6	55.1	51.5	44.1	47.9	54.7	47.9	0.0	44.1	59.8	51.4
47.6	59.2	46.5	56.9	48.9	44.5	59.9	51.8	41.1	55.5	60.2	52.8	41.8	51.5	41.7	59.3	57.5	0.0	55.6	47.0
45.1	57.7	60.5	56.2	43.4	42.1	58.8	58.8	56.2	43.3	41.7	51.7	53.7	44.4	43.4	49.9	57.5	56.2	0.0	56.1
51.3	42.0	57.3	50.4	55.4	50.4	56.3	43.4	49.3	46.2	56.4	54.6	48.5	46.7	43.5	52.8	54.7	53.0	58.4	0.0
0.0	49.4	41.6	47.4	55.2	46.4	46.0	46.7	46.4	50.3	52.5	45.7	55.4	44.3	54.3	55.4	51.8	46.1	57.8	52.9
59.5	0.0	42.2	59.3	44.4	43.3	54.8	56.9	46.7	55.6	45.8	41.4	59.8	59.3	55.9	58.2	45.7	44.0	56.4	43.6
53.9	57.9	0.0	57.7	51.7	58.7	58.0	56.3	41.9	46.5	53.3	41.3	57.0	53.4	56.9	54.2	47.9	58.9	59.3	53.0
52.1	57.1	56.9	0.0	44.2	45.5	54.7	56.4	54.4	46.2	54.3	59.1	48.5	44.1	47.5	60.0	41.7	59.3	49.6	49.5
58.9	49.9	50.6	51.4	0.0	52.2	55.1	48.8	58.7	49.2	50.8	44.5	45.8	48.3	49.0	55.3	49.0	41.2	47.9	53.8
58.7	48.9	54.4	49.8	53.1	0.0	47.6	55.9	57.8	52.7	59.0	43.1	43.7	41.4	53.1	45.5	56.6	41.2	47.0	60.4
60.8	41.1	56.8	52.1	46.3	43.4	0.0	44.6	50.4	49.8	48.2	41.8	58.5	44.7	42.9	50.0	43.6	47.6	55.4	56.0
51.3	43.6	60.4	50.3	48.2	53.9	46.9	0.0	59.9	41.9	51.8	43.1	50.6	48.3	54.7	46.6	46.6	50.4	47.3	41.1
59.3	44.4	45.2	55.5	50.0	58.0	51.5	49.0	0.0	45.3	55.3	54.0	55.9	47.1	50.6	53.6	58.5	56.8	50.4	50.5
43.7	48.3	49.3	58.4	52.1	54.8	58.7	48.7	55.7	0.0	42.7	41.5	51.1	50.7	41.5	46.1	44.5	42.9	54.7	47.8
42.8	60.2	52.1	46.5	52.0	54.3	54.0	56.3	45.3	56.1	0.0	47.8	41.3	42.6	53.7	46.8	57.4	43.2	59.2	50.0
55.4	52.6	50.2	56.5	53.1	60.3	45.8	41.6	52.4	50.1	59.5	0.0	52.3	43.2	60.2	51.4	51.5	43.4	46.8	56.7
44.1	43.0	58.7	54.8	48.2	49.4	47.2	49.5	43.1	45.1	50.7	56.3	0.0	51.3	60.2	45.7	46.4	59.6	53.4	55.8
57.8	53.1	56.4	59.3	42.9	58.0	46.3	51.3	57.0	41.2	50.0	42.7	46.5	0.0	54.9	50.9	44.7	42.0	45.9	54.1
58.6	46.4	42.4	54.4	48.3	60.5	50.1	51.7	46.9	46.8	51.3	45.9	59.4	49.6	0.0	57.5	56.9	59.0	56.7	54.5
46.9	57.8	50.7	47.2	51.5	59.3	57.7	42.6	55.8	55.0	49.7	48.7	49.2	43.3	54.8	0.0	49.5	46.6	52.9	54.2
46.3	54.8	41.8	55.8	50.8	44.1	45.4	54.9	51.8	44.0	46.7	60.0	54.3	57.1	52.7	60.1	0.0	44.7	42.1	48.7
58.7	42.3	55.3	52.8	43.8	56.8	60.4	48.4	48.6	45.7	43.0	43.5	42.9	41.5	47.1	49.6	58.5	0.0	44.9	48.5
56.3	60.6	43.1	56.7	44.6	42.9	42.0	55.1	51.2	47.7	55.1	43.9	41.7	60.1	54.8	52.2	56.7	42.3	0.0	44.3
49.6	59.4	44.9	49.3	43.6	44.7	51.9	46.6	56.6	53.1	47.6	54.0	58.8	54.6	48.0	46.2	52.5	54.3	57.7	0.0
0.0	59.5	60.6	50.4	56.8	59.3	51.9	47.9	55.3	44.5	44.6	57.0	49.8	58.9	57.1	52.4	41.2	45.7	52.6	53.6
44.1	0.0	57.6	44.0	42.3	59.4	43.7	52.1	44.6	46.3	47.4	48.0	54.1	55.5	54.4	47.5	60.2	53.9	51.4	45.5
50.6	50.6	0.0	50.1	42.2	54.6	51.5	48.8	54.2	52.1	42.8	51.2	60.5	52.1	45.8	42.5	55.4	45.6	50.7	44.1
44.8	54.2	49.7	0.0	47.1	60.4	51.2	47.4	41.0	41.5	57.9	59.3	55.4	53.8	49.8	46.6	49.5	57.9	50.5	60.8
56.4	59.8	50.8	56.6	0.0	50.4	60.0	44.7	45.0	41.8	51.4	44.6	44.5	49.2	58.0	44.8	55.2	44.2	52.9	49.1
54.0	49.8	45.0	42.0	46.8	0.0	58.6	54.1	56.7	43.8	42.5	47.4	42.7	44.6	49.5	59.3	41.6	55.5	42.6	49.3
56.2	57.8	51.4	57.5	45.6	46.9	0.0	55.1	53.8	59.9	41.2	49.8	41.0	54.8	50.4	57.0	56.8	46.2	41.6	45.2
51.1	53.2	60.2	48.1	44.0	44.2	60.1	0.0	57.5	42.9	58.3	46.3	50.9	58.1	41.9	46.1	44.7	60.6	41.1	60.6
44.0	48.7	46.5	59.0	48.0	58.6	59.2	48.9	0.0	56.5	51.9	54.5	55.6	52.1	49.5	48.8	57.3	42.4	58.4	60.9
48.8	55.0	58.4	43.7	47.6	47.3	41.0	54.4	42.9	0.0	48.7	42.6	44.1	55.5	50.1	46.4	49.0	51.9	57.3	53.3
49.4	53.0	44.2	52.1	58.5	43.5	48.9	58.6	52.2	57.2	0.0	51.0	53.2	44.4	43.7	49.8	42.1	54.1	57.4	59.1
42.8	57.5	54.2	44.9	41.8	51.9	52.2	41.8	51.7	60.4	42.4	0.0	55.7	54.4	58.6	56.7	44.9	59.4	56.3	53.9
59.7	41.6	54.1	58.0	56.1	49.3	54.1	46.2	54.1	51.1	49.0	48.7	0.0	50.5	47.6	44.9	47.8	54.8	48.7	51.1
54.0	54.0	59.0	55.4	44.0	45.6	45.2	43.9	50.2	42.1	43.6	49.0	46.5	0.0	50.8	42.5	50.1	50.2	46.6	47.5
42.2	53.3	47.9	53.8	55.2	57.6	58.8	51.3	47.4	50.3	58.9	43.9	49.2	50.5	0.0	57.7	58.4	49.3	60.8	56.1
53.4	46.9	42.1	54.7	57.9	44.9	42.7	56.1	45.9	47.6	55.9	42.1	42.6	51.2	47.4	0.0	55.4	53.0	50.8	42.7
53.1	57.9	59.0	48.7	49.1	56.7	57.6	50.9	43.6	48.4	43.1	60.5	44.4	58.1	45.6	51.5	0.0	55.2	52.7	53.7
60.6	41.4	60.9	60.9	51.1	59.3	54.0	45.0	57.9	60.7	53.8	57.4	54.7	58.7	56.5	45.7	50.2	0.0	58.7	58.0
49.9	59.0	54.7	56.4	45.2	45.0	45.5	46.2	53.3	50.1	51.9	49.7	41.4	60.3	53.1	44.2	49.1	41.9	0.0	60.8
56.4	44.7	56.8	58.0	47.0	44.1	41.6	43.3	59.0	49.9	47.4	42.1	59.2	51.9	43.3	51.8	55.4	52.6	58.6	0.0
0.0	42.1	51.5	50.2	54.0	52.0	57.2	53.9	50.0	48.7	54.1	44.6	57.9	45.6	52.9	51.5	49.4	43.3	41.7	50.1
60.2	0.0	50.6	44.4	53.7	52.5	42.7	45.3	54.4	43.7	41.6	51.5	50.4	44.3	41.3	60.6	49.6	52.9	57.0	55.1
56.2	52.8	0.0	51.5	47.0	45.5	41.7	44.6	49.8	55.1	59.5	49.7	56.7	55.1	43.5	53.9	52.5	45.2	43.4	54.7
50.6	46.8	41.8	0.0	48.6	43.1	45.6	58.0	53.4	52.8	57.1	49.7	59.9	56.4	44.5	42.1	47.5	58.6	42.8	46.1
58.2	59.8	50.3	58.5	0.0	41.0	58.3	51.1	43.2	56.1	54.2	55.2	56.8	55.1	58.6	41.9	47.1	58.9	60.6	51.6
44.1	46.3	49.6	60.1	42.5	0.0	46.4	49.0	46.6	57.8	56.2	57.0	49.0	55.7	43.2	45.3	54.6	57.3	53.5	55.9
48.4	44.6	44.7	57.8	59.1	41.3	0.0	46.0	43.5	56.3	58.1	54.2	60.7	41.8	56.9	47.1	47.0	60.4	59.9	53.6
53.0	60.8	59.2	51.0	50.5	49.4	44.9	0.0	43.1	45.2	53.0	47.8	53.8	55.1	47.9	44.7	51.6	41.7	46.4	46.6
41.8	59.8	43.8	45.9	43.5	59.3	60.6	50.1	0.0	51.0	59.6	41.2	41.8	60.4	55.3	46.7	57.9	53.1	41.6	51.6
56.2	42.4	56.8	53.4	56.6	55.1	44.9	56.2	41.7	0.0	57.3	59.4	50.0	46.3	45.7	49.9	41.2	59.1	52.5	52.0
48.6	52.8	51.9	54.5	48.0	56.1	53.1	58.7	46.4	44.1	0.0	46.3	52.8	48.4	43.0	58.8	53.3	41.2	60.2	47.4
42.2	52.5	42.7	49.6	46.5	59.8	50.8	59.8	46.0	57.4	52.2	0.0	50.1	48.9	56.7	46.6	57.8	44.1	42.9	59.4
55.8	50.6	47.8	51.1	60.1	42.5	55.5	58.4	56.6	56.8	45.9	54.8	0.0	57.4	49.1	59.2	46.2	42.4	43.2	46.0
59.5	54.7	51.7	43.3	56.4	41.3	50.2	42.1	44.8	52.7	50.9	60.7	51.8	0.0	55.7	42.7	51.2	52.7	58.6	56.5
57.2	48.9	44.8	47.6	48.7	50.5	53.2	54.7	55.7	48.1	41.9	56.9	57.5	54.1	0.0	43.2	41.8	59.2	56.0	56.6
45.2	60.8	56.1	45.0	41.0	41.3	51.9	59.1	55.6	57.7	50.6	59.3	53.5	57.0	57.6	0.0	49.7	49.0	54.2	49.9
47.1	44.8	45.7	56.7	49.9	47.1	45.4	51.4	59.3	52.2	54.8	48.7	45.9	60.7	56.6	59.8	0.0	44.9	56.8	60.3
51.0	51.0	57.5	57.0	47.7	42.6	53.8	42.4	45.5	60.3	56.4	43.0	59.6	52.1	54.7	44.2	43.3	0.0	49.4	51.7
56.3	44.6	60.9	59.9	49.3	55.5	41.4	52.8	60.3	41.5	60.3	52.3	41.2	54.1	46.9	52.4	45.9	55.9	0.0	58.2
58.8	51.6	50.6	52.4	58.8	55.8	56.0	46.1	43.7	52.9	49.2	59.2	44.2	56.7	47.3	51.1	41.7	49.9	58.6	0.0
0.0	49.0	44.8	54.1	47.2	55.7	46.5	44.7	48.0	54.5	41.1	57.3	43.5	47.0	51.5	44.4	48.7	53.7	46.0	56.0
47.1	0.0	50.4	51.4	59.9	57.2	45.2	56.8	41.2	54.9	54.5	49.1	43.2	53.8	54.2	49.8	53.9	41.2	45.1	42.2
43.9	55.2	0.0	57.8	49.5	58.2	51.1	46.2	47.1	52.5	44.5	55.6	56.1	52.3	59.0	48.2	45.8	43.1	56.5	58.9
60.5	51.7	49.4	0.0	41.9	42.8	54.1	46.5	45.1	56.2	49.1	58.8	53.3	59.4	48.7	41.3	53.5	52.1	49.2	60.9
42.1	45.6	55.0	45.1	0.0	56.6	46.1	46.1	42.1	47.3	56.6	44.5	52.1	51.2	54.1	43.4	48.7	50.4	48.5	50.8
51.8	50.3	55.3	46.0	47.4	0.0	53.3	56.7	58.7	45.5	59.5	53.7	54.6	50.5	47.3	59.0	55.4	51.9	42.3	42.1
44.6	60.5	43.9	53.6	55.4	51.5	0.0	60.7	58.3	45.5	46.8	58.0	50.5	41.9	55.6	54.6	51.9	45.3	42.2	49.0
48.4	47.0	60.8	59.1	46.9	42.6	47.8	0.0	52.7	59.9	47.8	50.4	41.2	56.5	60.4	48.7	54.1	45.4	51.3	57.4
54.7	41.2	57.9	60.7	46.6	46.0	41.6	51.7	0.0	41.8	52.2	50.2	41.6	47.4	50.9	46.7	52.1	56.8	58.5	50.0
55.6	52.7	41.3	53.1	53.0	54.5	49.7	57.9	46.7	0.0	42.8	46.6	58.5	53.2	49.9	58.2	59.6	53.7	44.8	55.4
42.9	57.3	54.7	52.5	45.5	50.4	58.6	45.7	49.8	45.2	0.0	57.2	51.6	41.5	49.9	50.4	56.7	53.2	58.0	45.9
44.9	58.5	54.5	50.4	48.1	50.8	46.3	42.5	59.0	59.6	60.6	0.0	53.0	48.3	59.2	45.8	48.3	45.3	49.9	56.2
60.5	49.6	43.7	43.7	46.4	41.2	46.6	45.2	47.5	60.7	60.5	47.7	0.0	41.5	45.8	53.0	50.2	52.2	43.0	42.8
59.4	54.4	43.5	44.1	45.3	44.7	44.2	47.1	46.4	60.8	56.2	58.3	46.4	0.0	43.1	51.6	44.6	47.6	54.0	54.2
50.4	44.6	53.1	52.1	50.4	50.8	59.4	47.2	50.3	44.3	59.6	46.1	44.6	53.1	0.0	53.2	54.6	47.2	60.2	53.7
41.2	56.0	60.6	51.1	52.8	60.0	51.5	57.0	55.0	48.3	47.3	53.6	56.0	44.7	50.4	0.0	60.9	43.8	43.5	51.8
55.6	51.3	47.5	58.1	55.4	49.1	55.3	51.3	47.9	42.5	43.6	43.2	42.0	41.5	41.4	53.9	0.0	51.0	43.3	54.1
60.3	46.7	43.3	57.9	51.8	52.2	45.2	52.6	45.6	60.9	57.9	44.6	58.9	50.0	46.9	50.2	50.0	0.0	52.7	53.8
47.3	46.2	43.2	50.2	52.2	58.4	51.2	60.2	53.8	53.9	50.3	59.3	53.1	60.1	44.6	42.5	41.3	50.7	0.0	59.0
53.7	53.6	51.5	41.7	56.9	47.8	55.6	54.9	56.7	59.4	53.2	56.7	60.2	53.7	54.4	47.6	50.0	44.6	44.9	0.0
0.0	54.4	58.6	50.4	52.6	55.7	49.4	58.6	55.8	55.2	44.1	52.6	45.2	51.3	55.7	59.8	45.9	51.7	58.2	47.5
43.1	0.0	58.7	49.3	45.2	45.8	59.3	48.5	42.4	56.7	49.6	44.7	47.5	53.0	51.6	43.9	60.4	58.6	51.2	44.7
55.2	48.6	0.0	52.7	43.5	60.0	48.9	48.2	46.1	47.9	43.9	50.5	52.7	45.9	55.3	49.0	50.3	43.6	55.9	49.2
61.0	53.5	53.4	0.0	54.5	41.5	59.2	44.8	44.0	55.3	45.0	57.8	44.7	49.7	49.5	47.4	41.9	56.6	48.3	45.6
49.3	59.2	43.7	60.8	0.0	43.8	41.4	45.9	54.5	42.6	44.7	41.2	53.5	52.9	52.2	57.1	42.4	54.2	50.8	56.2
43.6	49.7	41.1	45.6	54.0	0.0	43.9	49.3	41.8	55.8	58.0	45.7	50.0	60.5	41.7	47.1	57.7	49.5	54.2	53.2
56.0	55.1	60.0	48.3	44.9	49.4	0.0	43.3	44.0	41.2	55.2	48.6	56.7	44.5	52.6	59.4	46.3	44.7	46.4	42.6
43.1	54.7	50.0	42.3	58.4	43.6	51.7	0.0	60.9	56.3	44.0	53.1	41.6	45.9	43.5	51.3	60.9	52.2	58.7	56.8
52.5	41.2	51.0	60.1	57.9	45.5	47.9	60.3	0.0	50.9	57.9	52.5	51.0	60.1	56.6	46.9	42.4	49.8	41.1	43.3
54.5	51.3	46.2	59.1	53.3	51.8	56.1	55.2	51.4	0.0	50.5	44.6	46.1	44.1	60.9	47.1	50.4	46.9	45.8	49.4
41.5	51.0	59.3	51.6	58.4	56.8	46.2	53.2	55.2	49.1	0.0	54.8	52.4	60.7	42.8	50.2	57.5	59.0	60.8	41.9
46.8	60.9	57.1	51.1	59.0	46.4	51.4	54.4	48.6	55.9	55.0	0.0	57.5	57.4	41.1	42.6	60.7	52.8	55.0	53.8
47.4	42.3	56.2	52.2	42.5	55.9	58.7	47.9	54.3	44.7	55.8	55.0	0.0	43.2	50.1	41.3	58.6	57.3	48.2	52.5
47.2	51.1	59.0	48.6	42.6	52.6	53.5	46.5	57.7	51.5	42.7	57.0	59.3	0.0	43.3	50.4	49.8	52.5	45.4	51.5
41.1	55.1	46.4	42.6	49.3	46.3	48.5	46.2	47.7	59.2	43.3	51.3	42.0	50.2	0.0	45.3	55.8	56.6	51.3	58.1
53.1	56.3	47.9	43.5	41.1	51.5	44.9	51.5	57.6	57.6	44.7	42.7	58.8	49.9	52.5	0.0	47.2	46.0	57.3	48.4
56.3	43.4	50.9	53.3	53.2	51.8	57.6	44.9	53.3	49.9	50.9	42.7	53.3	45.6	57.5	52.5	0.0	41.9	45.6	60.2
49.1	52.4	56.5	57.6	43.3	56.3	41.8	53.1	58.4	44.7	55.5	49.6	51.4	41.2	49.5	48.2	46.7	0.0	47.0	57.5
54.7	58.0	52.8	53.1	43.2	51.6	51.1	52.6	47.4	41.5	42.7	41.6	57.4	42.8	43.5	52.9	60.9	57.9	0.0	56.1
44.9	41.8	52.0	52.0	49.6	47.8	59.2	46.7	59.3	49.6	47.3	58.6	45.6	47.2	52.3	51.8	41.9	60.3	52.7	0.0
0.0	55.6	44.0	56.8	46.0	55.2	58.7	56.6	47.6	44.9	50.4	42.2	59.3	58.7	56.9	51.5	52.0	45.1	41.9	58.6
59.1	0.0	51.6	44.0	60.3	51.1	58.3	52.2	60.6	47.9	55.9	44.1	57.1	43.6	49.1	51.8	60.0	51.7	44.3	49.7
44.1	52.2	0.0	43.6	42.1	41.7	46.9	46.1	57.0	53.8	54.5	46.8	52.2	56.2	45.6	44.0	44.5	59.9	55.4	58.1
57.2	46.7	58.1	0.0	52.7	45.8	50.9	47.9	42.3	44.1	43.3	41.3	53.0	56.7	54.8	55.7	49.1	42.9	59.6	60.3
59.0	51.9	41.1	52.8	0.0	59.2	55.5	59.5	48.7	50.7	49.2	47.7	44.1	53.7	60.9	59.7	48.4	42.3	49.2	52.5
55.7	58.8	51.8	41.5	59.9	0.0	41.8	54.0	56.1	59.5	44.9	48.6	41.9	41.6	56.5	49.5	42.4	50.6	55.0	59.0
57.7	50.6	53.7	54.0	43.1	56.4	0.0	48.9	58.4	57.4	46.2	52.6	56.8	44.2	46.5	60.2	46.9	52.8	46.1	42.9
56.0	58.6	58.3	47.7	49.9	52.5	42.5	0.0	53.7	59.5	55.0	50.6	51.1	51.8	45.8	52.5	56.9	55.6	57.0	58.4
49.6	50.3	52.4	51.0	58.0	58.8	49.8	47.1	0.0	44.0	50.4	58.7	45.1	46.0	44.7	52.4	59.6	51.5	49.5	56.6
49.3	49.1	46.1	43.5	45.4	53.6	49.5	46.1	54.2	0.0	59.5	48.4	48.5	48.9	42.4	57.9	41.5	59.9	54.9	59.3
46.6	47.0	41.0	51.8	49.1	61.0	41.4	57.0	56.5	55.9	0.0	43.3	49.3	53.7	54.9	57.3	48.0	49.7	59.1	44.5
58.5	58.9	53.2	49.4	44.9	52.5	55.4	53.0	60.5	47.4	56.9	0.0	42.6	59.6	41.8	46.9	42.6	47.1	49.0	52.9
47.6	49.0	44.4	48.0	48.3	44.0	50.5	53.2	53.5	54.2	54.0	60.8	0.0	49.3	57.0	57.8	52.7	50.7	52.3	44.0
45.7	54.4	54.4	48.1	49.0	55.5	41.1	55.3	57.6	43.1	57.2	46.7	45.6	0.0	42.3	49.4	44.9	44.6	57.5	53.8
54.2	41.4	58.4	41.7	59.9	48.9	53.3	60.5	42.6	45.8	54.6	52.5	47.3	46.0	0.0	54.2	47.2	59.8	41.1	42.0
44.4	52.1	51.0	47.7	46.8	58.7	44.3	57.6	52.5	42.0	53.3	60.0	57.9	52.8	57.7	0.0	43.8	50.4	45.5	47.9
47.0	58.1	45.0	45.9	56.6	46.9	57.0	44.7	42.9	41.9	57.4	47.2	42.2	59.5	50.3	51.2	0.0	54.8	41.3	43.9
49.9	52.9	43.8	57.2	57.8	47.9	47.5	44.5	42.4	58.6	41.9	50.5	52.0	54.6	48.9	57.9	56.5	0.0	52.4	42.4
50.5	56.6	58.0	54.7	55.8	49.3	50.8	56.1	60.8	45.8	43.1	41.7	54.6	51.6	46.4	52.5	52.1	56.5	0.0	41.4
60.1	44.1	46.9	52.3	58.0	53.3	46.5	53.6	52.2	41.6	58.0	59.5	49.5	60.2	53.9	55.6	54.6	54.7	59.5	0.0
0.0	46.7	58.4	42.3	54.0	52.2	46.8	41.5	48.4	52.3	42.6	59.0	41.4	54.7	49.5	60.6	41.1	53.0	47.9	43.5
51.8	0.0	56.8	60.4	49.6	58.7	49.3	47.7	51.4	46.9	58.9	45.0	47.4	41.6	60.0	44.5	50.0	41.9	48.3	55.0
44.0	44.0	0.0	49.6	50.1	52.9	52.5	52.4	55.8	53.8	43.4	42.8	56.2	56.8	51.2	54.1	52.5	46.2	50.2	54.1
55.0	47.1	54.4	0.0	49.0	51.3	52.5	56.8	45.5	45.9	54.7	49.8	51.6	60.7	42.1	58.7	56.1	44.9	49.2	53.4
51.2	52.5	42.6	58.3	0.0	50.9	41.2	44.2	59.7	49.9	53.0	43.3	54.2	50.0	53.7	51.9	50.7	47.7	58.5	50.1
48.2	57.9	49.8	55.3	56.3	0.0	41.1	45.8	43.5	57.6	60.1	46.7	56.6	51.1	46.8	47.8	57.6	53.5	51.7	56.3
45.0	43.2	59.0	41.2	43.3	53.3	0.0	42.1	44.7	54.4	55.1	58.5	48.4	60.6	41.9	59.5	52.2	52.5	60.3	51.7
48.2	46.5	60.3	55.3	59.1	43.8	58.8	0.0	45.9	55.9	41.8	55.8	60.9	54.0	58.5	52.3	58.3	56.0	46.4	55.0
59.8	60.3	57.9	43.4	55.1	47.4	58.0	42.4	0.0	58.0	46.2	56.5	53.6	55.2	41.6	49.3	57.7	58.1	47.0	49.4
50.5	48.1	55.4	55.8	60.7	51.9	57.7	50.9	42.4	0.0	44.9	47.7	48.2	59.0	59.3	49.6	53.3	48.1	56.9	51.1
55.9	50.6	46.3	43.8	49.5	51.0	44.2	50.6	48.2	42.9	0.0	43.4	44.3	50.1	60.0	48.9	54.4	59.0	56.4	47.8
49.1	50.3	47.4	50.0	53.7	54.9	49.9	58.6	48.3	48.4	46.6	0.0	45.4	44.2	43.4	46.5	44.8	52.9	57.4	41.5
53.7	47.9	41.7	53.4	50.6	55.7	44.6	55.8	43.8	41.9	55.2	54.6	0.0	47.0	47.7	51.6	52.7	49.1	47.4	56.9
60.8	47.7	41.2	57.8	57.5	52.5	54.8	42.2	55.2	58.3	42.7	50.4	47.8	0.0	53.8	50.4	50.4	45.6	47.4	56.7
50.6	52.6	46.3	47.4	59.5	47.4	51.5	56.1	47.7	55.4	42.2	53.9	51.4	57.6	0.0	45.5	48.6	55.9	44.8	51.6
42.4	59.3	59.0	46.2	60.7	60.8	41.0	59.7	42.9	58.9	60.9	57.4	46.5	60.2	43.6	0.0	60.8	60.1	57.7	52.2
55.8	46.4	42.6	55.4	42.2	59.3	60.1	41.9	50.0	57.1	57.3	55.7	58.5	46.5	55.6	48.1	0.0	53.6	52.6	59.9
45.5	51.5	42.8	56.9	49.3	51.6	58.1	43.9	44.2	46.7	60.3	42.3	49.0	53.5	46.4	42.0	54.5	0.0	43.6	52.1
57.7	48.9	47.9	46.6	42.7	41.8	42.4	49.0	56.3	44.9	48.6	60.7	60.9	45.2	49.2	43.8	59.1	58.8	0.0	55.5
52.1	48.9	57.5	41.1	54.8	42.3	41.1	59.7	41.7	57.7	44.8	55.8	53.8	41.8	57.1	43.1	52.9	53.8	49.5	0.0
0.0	56.5	45.8	55.4	43.6	44.1	49.0	55.3	54.5	51.4	52.3	53.2	57.3	51.2	59.6	41.6	57.8	58.8	42.2	48.2
48.1	0.0	52.8	56.0	42.7	56.2	52.8	45.4	45.3	54.5	48.7	56.7	44.3	49.4	44.8	51.5	53.1	52.8	58.8	55.8
53.3	58.6	0.0	53.7	56.5	48.8	47.0	50.0	56.3	55.0	41.1	43.4	57.1	49.4	51.4	44.7	58.0	52.2	54.0	43.6
48.8	47.4	48.8	0.0	44.1	55.8	56.2	43.5	60.6	51.8	53.3	43.1	44.4	59.7	49.5	48.8	41.9	55.0	60.8	45.3
60.8	55.3	46.6	50.2	0.0	41.5	42.7	57.2	43.2	50.5	51.9	43.4	56.5	58.5	58.0	41.7	54.2	49.8	56.9	43.3
60.1	58.6	53.5	42.5	51.3	0.0	41.7	56.8	54.1	55.1	51.9	52.5	44.4	53.3	42.5	42.6	41.8	45.0	55.5	58.0
41.4	55.3	45.9	42.0	55.5	49.9	0.0	55.0	45.2	51.0	48.9	41.7	56.6	47.0	47.2	46.9	58.2	48.3	49.0	47.7
56.7	53.9	47.1	60.5	47.6	50.0	43.3	0.0	45.2	41.2	48.2	54.8	41.7	55.1	42.9	60.9	44.3	60.4	53.0	44.2
45.1	49.0	59.0	46.2	41.2	43.8	43.0	57.1	0.0	54.7	57.4	59.6	43.7	41.1	50.2	60.3	53.5	57.9	47.8	57.9
59.9	51.2	54.2	60.3	55.9	44.8	57.6	55.7	45.2	0.0	56.4	43.5	46.4	49.4	43.6	60.4	54.7	50.3	46.8	54.5
59.0	42.6	55.4	52.1	41.7	44.6	57.3	46.0	48.2	53.8	0.0	44.8	45.2	59.6	57.5	43.8	44.4	56.4	59.3	59.8
54.4	56.6	41.0	54.7	60.6	48.5	46.1	57.9	43.4	55.9	47.6	0.0	41.6	57.6	48.0	60.4	55.6	57.5	58.7	41.8
54.4	46.1	54.7	57.8	45.9	45.4	56.4	60.2	53.4	46.3	45.7	43.7	0.0	47.3	49.1	51.7	47.6	48.8	42.4	53.1
47.2	59.0	58.6	52.8	41.8	56.7	46.1	52.6	60.2	48.0	46.1	44.4	41.8	0.0	47.4	55.0	43.2	56.4	54.3	45.4
60.0	46.6	53.2	52.7	60.6	59.4	41.3	57.3	52.2	59.3	50.6	52.5	55.3	47.2	0.0	52.1	41.5	42.4	56.7	43.5
45.4	60.8	41.1	48.6	46.9	56.5	51.4	52.8	49.6	50.0	49.0	46.1	47.9	41.7	51.4	0.0	47.6	41.1	47.6	42.6
41.6	51.5	56.2	53.7	41.5	47.4	53.8	52.4	43.7	58.0	58.0	44.8	53.7	50.8	58.6	48.4	0.0	52.3	48.0	47.3
56.8	46.0	56.5	47.1	44.3	51.9	57.5	60.8	50.7	50.6	42.4	42.1	57.9	54.8	56.7	42.5	42.6	0.0	51.1	60.1
49.0	56.3	41.3	43.6	41.0	49.8	43.7	48.1	49.1	52.8	55.7	49.9	43.6	60.2	52.4	57.5	54.5	53.6	0.0	41.5
52.7	41.4	50.7	45.5	50.5	60.3	54.2	48.3	48.6	52.2	44.6	54.5	46.7	43.8	60.0	54.6	51.6	44.4	59.9	0.0
0.0	46.4	55.3	47.9	45.4	47.4	57.9	48.2	55.4	60.5	57.5	55.2	44.2	51.7	41.6	42.2	56.7	53.1	46.5	45.8
44.5	0.0	54.5	59.1	59.1	50.8	59.6	46.4	44.9	54.9	57.5	44.2	57.6	49.5	50.6	42.6	44.6	47.3	47.4	41.7
57.2	44.9	0.0	57.8	52.1	46.2	54.0	45.4	49.9	59.2	42.7	56.9	45.7	49.9	51.9	57.0	47.9	58.7	48.1	44.2
60.4	57.7	44.1	0.0	44.6	55.3	48.7	47.4	58.9	42.7	48.6	43.3	57.5	45.2	55.9	59.0	56.9	49.7	51.9	58.4
48.6	43.3	60.3	43.0	0.0	45.7	59.7	45.9	42.3	44.4	57.9	46.3	54.1	44.5	58.5	56.4	60.6	49.5	43.7	52.9
46.9	54.7	49.0	52.3	43.4	0.0	47.6	41.6	53.5	58.8	43.1	59.4	59.9	52.9	41.9	46.4	43.2	57.1	47.5	54.7
42.9	58.2	60.2	45.0	42.5	54.2	0.0	47.7	41.4	55.3	49.2	50.6	56.3	53.3	43.4	58.5	49.9	45.8	56.3	52.3
54.5	50.7	57.9	59.9	42.0	57.3	55.1	0.0	57.6	44.6	42.8	41.1	46.9	54.7	55.6	58.1	57.2	41.6	47.9	58.8
59.5	58.5	47.9	50.1	50.7	52.6	46.4	49.6	0.0	59.1	53.9	59.7	50.4	58.9	60.1	53.0	56.6	50.0	43.0	44.3
46.9	42.8	58.5	50.0	45.4	49.2	53.5	43.7	60.9	0.0	50.8	42.7	47.3	59.7	50.5	54.1	47.8	45.7	42.5	44.9
52.5	43.8	58.3	56.4	56.9	54.3	48.2	47.4	50.5	41.1	0.0	60.5	48.5	51.5	44.4	42.1	61.0	47.8	43.3	46.4
43.3	48.4	54.5	52.1	45.4	57.4	55.5	51.9	50.4	56.3	51.7	0.0	49.3	45.4	57.3	58.8	51.1	49.2	60.3	58.0
47.1	45.4	52.3	53.7	47.6	51.9	57.4	43.3	53.1	46.8	44.3	55.5	0.0	56.7	54.9	51.3	49.0	51.7	58.3	52.2
53.7	50.4	45.7	42.9	53.6	53.6	56.4	58.8	55.9	49.9	46.8	54.3	41.7	0.0	48.4	43.3	52.0	42.4	55.4	57.4
54.8	47.0	42.0	59.3	48.0	56.4	45.5	49.5	56.8	50.7	45.2	60.7	60.4	49.2	0.0	59.7	52.6	47.6	48.6	57.9
54.4	53.7	53.9	50.1	45.9	44.7	56.5	43.8	49.4	53.2	45.6	54.1	42.9	56.4	58.6	0.0	46.8	55.3	56.9	56.1
46.8	48.5	50.4	60.1	52.1	42.5	60.7	59.6	52.0	53.1	56.4	58.5	51.7	57.1	50.2	57.4	0.0	41.3	41.4	43.9
50.8	57.8	60.0	56.3	58.3	46.1	42.6	50.1	56.5	55.8	49.1	49.9	59.9	58.5	41.5	59.6	46.2	0.0	43.9	44.8
57.2	48.2	60.9	59.1	41.3	58.1	44.2	56.5	53.9	50.1	58.0	48.7	50.6	59.3	42.1	54.5	44.1	60.4	0.0	49.9
44.7	43.4	54.5	58.3	46.2	49.2	55.4	53.8	55.0	51.3	52.2	45.3	45.8	56.1	45.8	58.7	49.8	55.2	41.5	0.0
0.0	48.3	61.0	41.9	42.5	56.8	49.8	42.8	55.9	44.2	43.5	53.8	46.0	57.9	54.6	46.9	42.4	42.7	41.1	54.4
59.3	0.0	43.4	56.2	47.1	51.2	41.3	42.4	44.2	55.3	46.5	50.3	46.0	46.0	52.6	58.4	50.0	46.2	43.4	46.9
53.4	44.1	0.0	42.4	57.4	56.9	60.0	42.7	49.0	42.9	43.7	44.7	41.7	47.9	53.6	53.9	54.0	52.7	43.9	47.7
41.8	42.7	47.3	0.0	41.5	44.0	47.0	43.7	59.6	41.2	50.1	53.3	41.3	48.7	54.3	53.2	48.7	51.5	51.7	57.0
55.5	47.9	59.5	54.6	0.0	50.3	59.1	47.6	45.9	59.9	43.4	56.0	47.4	42.5	52.0	58.1	58.8	53.5	45.5	57.3
44.0	48.0	58.4	44.5	46.7	0.0	56.9	59.5	49.7	53.9	47.1	48.8	43.2	44.0	60.4	44.7	42.9	51.7	57.7	41.9
41.4	55.7	43.2	57.5	52.3	48.1	0.0	60.3	57.0	55.7	53.3	54.6	58.9	44.2	44.1	48.8	48.1	56.7	46.2	60.4
56.1	55.1	54.7	47.9	47.4	50.7	51.6	0.0	41.7	50.1	48.0	55.2	57.2	51.3	58.4	41.5	42.3	53.1	45.2	55.5
42.1	56.9	49.8	54.6	46.0	55.3	53.9	56.0	0.0	60.3	59.8	46.2	46.7	57.2	44.4	58.7	42.8	59.8	49.3	50.2
55.6	45.8	56.4	61.0	48.0	58.2	52.2	47.8	50.5	0.0	56.1	55.1	54.4	55.1	49.9	41.4	51.4	41.7	51.2	54.3
55.7	45.1	45.3	58.9	50.0	42.4	59.0	45.7	56.7	56.1	0.0	42.0	46.0	55.7	48.6	48.1	47.5	50.1	42.7	60.8
60.8	51.5	46.8	50.7	41.8	46.0	46.4	54.0	45.2	52.3	47.3	0.0	47.0	57.1	51.3	54.4	49.8	51.8	46.8	59.9
55.2	58.5	47.2	44.8	45.3	42.4	57.0	43.1	49.6	42.7	50.9	59.8	0.0	42.0	49.9	54.6	51.0	54.4	57.1	43.7
49.3	45.1	55.1	48.3	58.7	52.5	46.3	48.5	53.2	55.5	42.7	54.6	53.5	0.0	55.7	60.6	50.6	50.4	45.8	50.8
44.0	46.6	49.2	57.1	44.0	60.7	49.9	58.3	46.2	44.2	53.7	42.4	56.6	50.3	0.0	49.7	43.9	56.8	54.9	45.4
49.0	48.2	49.1	58.4	53.9	43.8	57.4	49.4	48.1	47.6	58.2	49.8	41.8	59.9	43.8	0.0	59.4	44.7	53.9	46.7
48.0	52.4	46.8	52.1	42.9	57.5	57.9	41.4	54.5	56.5	45.2	47.7	43.9	59.1	53.7	52.5	0.0	46.7	52.6	44.7
47.2	54.9	45.4	44.5	45.0	61.0	57.6	41.9	43.5	58.5	41.1	52.4	47.7	57.7	48.1	49.0	51.4	0.0	47.4	49.5
49.9	46.7	51.6	43.1	48.2	54.0	42.3	45.6	52.3	46.7	58.7	42.8	59.8	43.1	48.7	51.9	48.9	57.1	0.0	55.7
60.1	51.3	47.3	53.5	49.6	47.9	43.9	45.1	41.7	43.5	56.3	59.3	44.5	57.3	54.7	43.3	48.4	50.0	48.4	0.0
0.0	52.8	57.3	49.1	58.4	42.9	55.8	52.2	50.1	60.9	58.2	45.6	45.8	41.3	51.3	47.3	55.4	51.8	44.6	56.9
60.3	0.0	53.6	56.0	52.8	49.6	54.2	53.5	43.7	59.9	53.7	55.5	43.2	43.2	58.0	44.2	46.2	47.9	55.3	44.6
49.6	45.0	0.0	59.0	47.4	53.4	51.2	42.1	49.3	48.6	44.7	48.9	46.9	46.2	52.5	48.2	46.2	55.1	54.2	54.9
60.4	49.3	54.8	0.0	44.1	49.2	43.5	52.6	59.4	44.0	59.9	48.1	56.0	50.7	57.7	47.0	45.2	47.6	60.6	47.0
61.0	42.2	56.6	55.0	0.0	51.7	51.5	45.7	42.9	58.4	50.2	55.9	41.5	51.9	56.4	54.5	59.2	47.7	57.9	53.0
44.1	45.7	42.8	41.5	45.2	0.0	48.5	50.9	55.7	46.9	57.9	41.7	46.2	52.5	49.0	57.6	53.5	46.4	60.5	55.0
42.1	44.9	43.1	47.4	57.1	49.6	0.0	41.6	43.5	59.9	44.6	53.0	50.8	58.5	59.3	43.8	60.2	59.3	42.4	44.3
52.0	54.6	47.2	53.6	60.9	53.6	43.1	0.0	43.1	47.1	54.2	41.4	43.6	48.6	57.8	56.0	53.0	59.7	44.0	41.5
48.2	42.5	42.5	51.5	46.1	58.0	59.3	45.3	0.0	45.3	41.2	43.8	46.5	49.2	55.2	53.8	56.8	59.3	42.1	50.6
41.7	49.5	51.1	42.6	52.3	41.6	47.6	52.6	43.3	0.0	43.6	54.6	46.9	42.5	56.3	43.9	51.2	59.9	57.5	57.4
54.9	45.4	47.3	53.4	50.1	59.5	45.6	50.6	56.4	41.5	0.0	56.8	56.0	49.6	56.1	47.6	58.6	47.4	57.6	48.7
49.9	59.6	42.2	56.5	52.2	59.5	45.8	43.7	43.2	46.0	42.0	0.0	43.8	52.0	43.1	44.2	59.7	57.5	42.9	51.3
51.5	57.3	42.6	48.1	46.1	56.1	57.0	41.8	41.6	42.2	60.3	59.9	0.0	44.9	43.4	55.7	60.4	51.7	51.3	41.2
50.8	60.8	52.7	43.9	52.4	47.2	42.2	57.5	45.0	57.3	43.9	60.4	58.5	0.0	41.6	44.7	43.8	51.3	55.2	56.2
44.3	49.7	43.7	57.2	41.4	54.2	55.2	41.1	52.3	48.7	47.4	53.9	44.0	55.9	0.0	47.6	56.0	57.6	59.9	43.1
50.2	41.4	59.6	47.6	52.8	50.7	47.1	46.8	58.1	53.4	52.6	59.5	50.9	48.9	51.6	0.0	44.4	52.8	52.4	54.3
57.2	58.3	60.6	54.5	59.1	49.3	59.3	48.9	45.4	60.9	54.7	44.5	58.4	53.1	59.0	53.4	0.0	48.9	58.1	45.1
51.5	49.4	58.0	60.3	48.8	44.1	52.2	54.7	48.9	46.1	52.5	44.1	60.9	48.9	58.9	50.1	49.3	0.0	46.6	58.9
55.7	57.7	60.9	55.7	60.0	42.7	42.0	43.5	56.8	58.3	54.5	49.9	53.8	44.5	53.7	45.8	56.1	57.4	0.0	45.0
46.0	49.1	51.6	44.1	51.8	47.7	60.7	44.4	55.6	42.6	58.5	58.5	53.3	51.5	49.3	51.3	44.1	49.7	43.7	0.0
0.0	51.2	47.7	48.6	48.2	51.0	53.2	42.2	54.5	50.5	45.4	47.6	53.5	47.7	41.0	41.3	47.6	41.3	55.5	60.0
53.4	0.0	49.7	56.5	57.6	45.0	42.7	43.6	59.4	53.8	57.1	58.8	45.3	50.1	43.0	41.7	42.9	50.9	43.0	48.3
52.0	60.2	0.0	54.7	54.7	54.7	56.4	55.3	54.8	42.9	44.8	56.0	51.3	47.3	43.7	42.6	60.2	47.1	55.9	51.8
49.2	44.9	55.4	0.0	53.7	42.4	41.8	56.7	55.1	47.7	45.3	49.1	46.2	54.7	45.8	46.6	41.2	42.7	43.9	58.1
42.0	53.2	55.4	43.7	0.0	50.3	44.5	56.3	57.2	50.0	55.7	43.4	48.9	53.5	59.2	46.7	61.0	44.3	45.8	54.3
41.9	58.5	58.6	41.7	60.3	0.0	43.7	49.3	49.8	50.3	55.3	51.5	56.6	53.4	44.9	49.4	57.9	47.9	55.6	59.9
44.3	58.6	59.3	60.0	54.5	46.4	0.0	58.4	47.1	42.1	57.6	48.7	47.1	52.3	53.1	60.4	51.0	50.2	45.6	57.6
56.4	49.2	44.6	42.3	41.8	48.6	57.9	0.0	49.4	43.9	46.2	46.8	42.6	45.8	51.8	56.3	46.1	49.8	54.3	50.9
45.4	45.5	51.9	51.0	58.8	54.6	51.6	46.6	0.0	49.4	45.8	58.8	43.7	52.4	48.6	57.0	51.0	54.3	53.4	47.9
49.7	44.0	41.6	54.8	57.3	58.4	56.2	49.1	57.9	0.0	58.6	47.7	55.9	60.6	57.1	50.9	59.3	45.3	57.6	55.9
57.6	54.3	50.8	50.4	59.0	60.4	43.2	58.6	42.2	57.7	0.0	44.1	52.0	57.5	43.1	57.2	55.8	51.4	57.7	50.5
44.4	54.7	58.9	60.1	58.3	44.1	58.9	43.3	60.5	50.1	44.0	0.0	47.1	42.4	42.3	46.6	41.0	47.8	54.2	51.0
51.3	42.5	46.0	51.2	43.7	53.1	47.9	46.6	44.8	46.1	57.0	49.7	0.0	48.5	58.3	56.8	49.9	42.4	48.3	59.7
46.6	42.3	48.4	50.7	55.4	58.3	43.7	56.9	60.3	60.8	44.4	45.6	59.5	0.0	43.7	49.1	46.8	42.7	54.8	45.1
49.3	51.9	41.8	49.4	42.2	51.9	42.7	49.7	46.7	59.2	57.4	41.4	41.6	44.6	0.0	59.1	56.6	58.0	60.2	60.9
52.6	58.6	41.7	41.7	49.1	51.1	47.2	45.0	49.1	58.8	50.8	42.0	55.0	46.8	44.2	0.0	45.6	42.5	45.2	44.5
54.0	48.5	57.5	56.2	58.1	50.1	52.9	59.1	44.7	42.5	54.9	51.3	41.4	45.4	55.0	51.9	0.0	44.5	58.2	46.6
53.0	56.4	42.7	41.9	60.4	42.8	43.7	51.4	48.7	57.9	48.6	57.0	42.5	50.8	59.5	49.7	56.0	0.0	51.1	60.4
41.3	46.8	53.1	42.2	57.2	43.4	57.4	54.0	59.7	53.1	57.5	57.5	58.4	46.7	53.0	53.1	59.1	54.6	0.0	58.8
52.3	53.8	57.4	41.9	44.1	55.1	47.9	51.9	51.4	57.3	42.6	47.9	48.9	48.5	49.1	59.3	47.4	51.3	47.3	0.0
0.0	42.3	57.1	44.4	44.0	54.4	41.2	56.3	56.2	54.2	49.2	49.0	44.5	45.2	54.0	58.3	59.7	54.6	52.2	46.8
60.9	0.0	46.0	57.4	53.8	41.2	57.4	42.9	42.6	51.3	51.4	50.9	57.2	51.8	45.8	46.3	52.6	57.7	49.8	42.6
42.3	51.0	0.0	57.8	43.4	46.3	60.6	54.3	41.0	50.9	57.9	59.6	47.2	50.9	42.4	55.0	56.5	41.8	55.5	56.0
43.9	57.3	51.2	0.0	44.4	41.5	47.7	48.0	59.9	55.0	48.6	51.9	43.4	53.0	49.2	43.3	49.1	54.4	53.1	58.6
51.9	41.3	41.8	48.0	0.0	60.3	53.9	47.1	58.1	41.2	48.8	45.3	59.2	49.2	41.1	46.4	54.1	43.8	59.8	42.7
51.2	60.1	47.5	42.4	59.4	0.0	47.2	59.3	47.9	54.7	55.3	53.1	48.4	42.5	51.0	43.5	54.3	52.3	55.9	57.8
59.5	48.7	60.1	51.9	52.7	50.4	0.0	59.4	54.2	60.5	45.1	59.5	47.6	48.1	47.2	51.7	60.7	56.2	43.2	51.1
50.0	60.3	46.8	54.7	55.6	49.4	46.1	0.0	59.4	56.1	47.6	45.4	46.4	45.6	58.3	57.7	56.0	60.3	58.2	53.4
43.8	41.7	55.5	47.3	55.7	44.0	48.1	60.8	0.0	52.5	54.9	55.0	53.7	42.6	47.7	42.2	44.5	55.4	44.6	42.0
49.3	46.0	55.2	48.9	51.2	51.8	56.1	56.5	41.4	0.0	53.3	55.7	55.8	52.4	58.7	54.3	48.7	52.9	58.1	57.5
60.4	54.5	49.5	51.1	53.0	45.8	59.8	44.3	41.5	57.3	0.0	47.1	50.2	55.1	51.1	44.9	50.8	53.5	54.3	41.5
44.9	44.4	43.6	57.1	52.3	41.2	55.0	41.2	58.5	51.7	51.9	0.0	57.9	41.5	46.1	51.2	58.9	50.2	58.1	51.5
53.1	54.6	42.8	50.1	45.0	55.0	47.8	44.3	44.5	49.7	53.3	49.2	0.0	42.7	42.1	55.9	59.1	43.8	56.4	42.6
56.8	47.8	41.6	48.0	47.6	52.8	46.2	45.7	57.5	53.2	57.1	46.7	43.6	0.0	43.9	41.9	49.2	42.4	46.6	42.0
44.5	55.5	52.4	55.5	50.5	50.6	57.6	56.3	50.6	59.4	47.8	52.8	50.7	59.5	0.0	41.6	52.3	58.3	44.9	57.7
42.0	55.1	57.2	51.0	46.1	47.5	43.1	50.0	53.0	48.5	58.3	50.9	56.5	59.3	41.4	0.0	57.8	57.7	53.4	46.1
53.5	60.3	59.8	58.4	55.3	43.4	48.9	46.8	49.9	54.9	45.8	42.1	53.8	52.7	43.8	60.0	0.0	57.8	51.6	41.2
52.3	46.0	54.3	43.3	59.3	47.3	52.8	42.0	49.3	57.5	53.9	42.0	52.4	52.6	49.5	43.7	60.8	0.0	50.5	55.2
58.2	54.3	47.4	50.5	54.1	50.3	42.5	53.4	51.5	54.5	56.4	49.8	54.9	43.3	47.6	59.4	48.7	45.6	0.0	45.8
57.8	44.8	51.0	41.4	55.5	55.7	45.8	53.6	60.2	47.4	42.5	52.9	55.1	59.0	43.3	44.3	45.4	59.8	53.6	0.0
0.0	48.5	47.1	41.0	57.3	59.0	54.2	60.1	46.9	48.8	58.6	52.8	46.9	41.0	49.6	53.6	53.7	59.0	58.9	47.9
52.5	0.0	55.0	57.9	53.9	60.8	45.9	43.8	48.7	45.4	42.0	45.8	55.3	47.7	52.1	51.8	41.6	54.6	57.9	52.5
55.9	54.2	0.0	43.0	52.3	42.2	42.7	58.3	53.5	44.9	46.2	42.3	58.8	51.7	48.6	58.3	56.8	57.9	47.7	59.3
59.7	51.3	45.2	0.0	52.2	45.7	43.9	60.4	51.3	51.7	55.6	42.9	56.0	48.3	57.0	41.9	42.6	42.4	42.0	55.6
51.4	45.8	52.5	49.6	0.0	58.4	43.2	60.7	43.0	49.3	45.9	43.1	60.1	60.2	49.5	58.9	50.6	43.8	42.6	55.4
54.9	42.9	51.5	44.6	43.7	0.0	49.7	43.6	58.9	50.2	52.8	43.9	42.7	53.2	52.7	44.4	50.6	47.0	53.8	48.1
54.4	60.2	41.9	56.3	45.5	51.3	0.0	56.8	47.8	53.8	58.7	47.7	48.1	43.3	60.2	49.8	49.7	59.9	43.7	48.7
60.6	56.9	44.2	50.4	56.5	59.6	41.8	0.0	55.6	41.9	52.2	41.0	51.8	58.1	44.2	42.5	47.6	43.1	41.1	41.3
56.5	44.0	49.2	43.3	54.1	60.9	50.7	59.3	0.0	51.7	52.9	41.4	42.5	47.8	45.5	41.3	47.0	48.9	41.1	59.6
50.8	42.5	59.9	51.2	52.4	46.4	58.5	47.3	48.7	0.0	47.4	51.9	43.3	56.0	42.9	50.0	44.4	52.7	55.9	52.1
56.2	56.0	51.8	44.5	52.0	43.3	41.2	47.8	60.2	57.2	0.0	51.1	47.3	51.7	56.3	46.4	41.2	51.2	46.3	42.8
57.3	50.7	47.3	45.3	59.8	45.4	51.0	56.5	48.5	49.5	50.2	0.0	57.5	49.1	57.4	57.3	56.7	52.0	54.2	47.2
47.1	58.7	47.4	59.8	44.1	43.1	51.4	51.7	57.1	47.6	59.2	44.0	0.0	60.6	47.4	58.7	60.8	50.4	52.5	53.8
44.3	51.2	59.8	54.9	53.6	53.2	54.1	59.5	48.2	41.9	54.6	56.4	60.0	0.0	55.6	45.7	60.4	59.2	57.2	52.8
47.9	49.2	58.1	43.1	44.4	45.2	41.6	51.5	57.1	59.9	54.4	45.3	58.8	42.9	0.0	43.0	47.9	60.6	51.3	53.3
48.9	48.6	55.0	45.9	57.5	48.8	53.1	56.4	41.0	51.2	59.8	57.7	56.2	60.1	56.7	0.0	44.1	55.1	59.6	44.5
47.9	47.5	50.1	49.5	46.5	45.0	50.7	44.5	50.2	60.1	55.0	58.2	41.0	55.5	55.3	49.4	0.0	42.2	50.8	42.6
50.5	49.2	59.6	51.7	55.9	47.4	48.6	54.3	60.6	49.8	44.9	52.4	44.6	45.4	44.4	50.8	52.0	0.0	41.8	54.5
52.6	47.8	60.5	43.5	50.7	41.8	56.6	50.4	49.1	44.8	58.2	46.9	51.1	51.1	53.6	48.6	54.6	50.5	0.0	52.7
46.3	49.7	41.5	53.9	44.8	58.4	59.7	52.5	47.6	45.6	45.6	57.7	59.0	54.7	49.1	54.2	51.8	43.0	54.4	0.0
38000	38000	38000	38000	38000	38000	38000	38000	38000	38000	38000	38000	38000	38000	38000	38000	38000	38000	38000	38000
9																			
9																			
5																			
6																			
8																			
8																			
9																			
7																			
5																			
7																			
7																			
8																			
5																			
6																			
7																			
7																			
5																			
8																			
6																			
9																			
10																			
