105	101	87	96	99	89	96	96	106	106	94	97	100	92	99	97	110	98	111	94										
89	90	116	114	96	116	92	100	95	95	97	83	92	83	94	103	107	102	80	92										
107	115	97	108	94	104	104	90	95	83	104	103	97	100	98	109	112	102	99	86										
90	95	87	106	108	97	107	92	105	99	87	106	101	98	104	120	97	79	104	99										
95	96	84	96	107	115	98	113	104	97	104	85	110	97	115	86	117	89	92	103										
99	92	97	99	103	90	124	108	114	96	117	125	104	108	94	92	84	81	101	110										
108	88	99	111	115	121	120	75	101	105	101	89	110	94	92	117	110	98	107	93										
94	104	73	97	109	115	83	100	98	112	95	95	116	92	109	107	119	102	116	96										
111	89	97	97	89	102	96	86	90	109	108	99	104	91	102	109	93	102	119	113										
106	86	97	97	90	92	104	112	106	101	94	108	92	90	85	88	98	90	82	94										
96	92	89	121	84	109	96	102	82	90	124	110	91	94	106	109	100	104	94	97										
104	128	96	98	104	127	96	113	104	95	84	88	106	101	99	99	101	98	108	87										
110	113	90	90	88	83	102	112	106	85	91	97	101	102	104	97	103	115	101	84										
105	114	101	96	81	93	108	102	100	115	116	98	98	81	106	87	101	87	99	108										
116	95	96	112	93	92	103	94	101	115	97	105	116	94	102	86	98	111	100	97										
30	29	34	33	27	31	26	31	28	27	34	32	29	34	29	33	23	32	28	29										
33	30	31	30	25	30	30	27	27	31	32	27	26	24	31	31	23	28	31	28										
34	29	31	33	30	27	33	25	25	29	29	23	31	33	30	26	35	25	33	33										
32	30	30	23	29	31	30	27	31	29	28	29	27	31	30	29	32	31	26	31										
32	34	26	29	32	34	30	23	28	26	33	34	30	26	30	38	31	31	29	28										
29	30	24	34	34	32	30	28	32	30	33	31	30	29	32	33	33	29	33	35										
31	33	23	32	30	30	22	26	33	39	25	27	32	22	31	32	31	33	33	31										
30	36	25	31	32	23	26	29	30	29	23	25	31	35	34	29	32	33	30	30										
27	24	25	29	29	25	32	34	33	32	31	33	25	36	28	30	32	32	31	28										
28	26	31	28	29	26	30	31	31	32	30	27	29	25	31	27	30	29	29	33										
29	30	23	29	32	32	31	29	32	29	28	28	33	31	25	30	31	27	29	27										
29	31	28	31	30	35	32	32	30	36	33	25	31	28	25	33	32	29	31	27										
29	28	27	31	32	31	28	31	32	23	27	35	33	37	31	30	30	32	27	28										
32	27	34	33	28	25	27	30	30	29	25	28	30	30	27	25	28	30	31	29										
28	27	32	29	28	32	32	33	33	38	29	27	32	28	33	30	27	33	31	29										
2.37	2.11	2.35	3.34	3.50	3.10	3.26	2.35	2.99	2.03	3.00	2.11	2.05	3.11	2.40	2.16	3.13	2.21	3.33	3.07										
2.72	2.41	2.92	2.56	3.23	3.49	3.19	2.48	2.20	2.21	2.89	2.42	2.86	2.09	2.27	2.22	3.41	2.60	3.33	2.05										
2.35	2.54	2.51	2.37	2.16	2.01	2.78	2.64	3.00	2.86	2.35	2.61	2.08	3.32	3.19	2.06	2.39	2.95	2.45	2.07										
2.31	2.75	2.83	3.11	2.86	2.92	2.95	3.36	2.94	2.18	3.41	2.95	3.09	3.22	3.23	2.82	2.92	2.16	2.60	2.01										
2.88	3.36	2.65	3.09	2.56	2.49	2.41	2.49	2.10	3.16	2.02	2.95	2.51	2.09	2.69	3.25	2.20	2.26	3.38	3.22										
3.15	2.36	2.98	3.16	2.94	2.05	2.75	2.14	2.76	3.22	2.66	2.19	3.14	2.97	2.42	2.05	2.01	2.95	2.67	3.32										
2.37	2.35	3.01	3.22	3.15	2.84	2.37	3.07	3.34	2.45	2.01	2.41	3.31	2.04	2.20	2.35	2.10	3.05	2.92	2.78										
2.01	2.18	2.26	3.05	2.34	2.99	2.33	2.51	3.15	2.96	2.73	2.57	2.72	2.62	3.32	2.02	2.38	2.49	3.14	2.97										
3.02	2.82	2.32	2.66	3.36	3.47	2.97	2.57	3.42	2.25	2.13	2.56	3.28	3.04	2.59	3.10	2.03	2.16	2.46	3.25										
3.28	3.11	3.14	2.06	2.27	3.10	3.30	2.32	2.11	2.54	3.08	3.16	3.08	2.95	3.33	2.41	2.01	2.48	3.37	2.99										
2.13	2.48	2.20	2.99	3.48	3.21	2.39	2.50	3.20	2.77	2.90	3.15	3.39	3.23	2.53	2.24	3.04	2.76	2.22	3.38										
2.90	2.65	2.01	2.81	2.18	3.11	3.00	2.68	3.20	2.08	2.51	2.27	2.92	2.73	3.41	3.27	2.68	3.34	3.40	2.26										
3.11	2.93	2.14	2.18	3.26	2.75	2.49	2.43	3.36	2.17	2.50	2.61	2.32	2.56	2.45	2.31	2.07	2.30	2.81	3.49										
3.30	2.66	2.85	2.19	2.05	2.63	2.37	2.50	2.49	2.56	2.84	2.23	2.03	3.29	3.02	2.73	3.21	2.48	2.62	2.54										
2.05	3.06	3.48	3.14	2.75	2.75	2.42	2.62	3.20	2.01	2.54	3.09	2.25	2.82	2.18	2.29	3.11	3.01	2.63	2.97										
2.90	1.38	1.34	2.99	2.28	2.04	1.76	2.93	2.71	2.69	1.94	1.99	2.99	1.54	2.06	1.37	1.09	2.02	2.13	2.98										
1.44	1.98	1.03	1.83	2.59	1.55	2.49	1.95	1.75	1.01	2.19	1.25	2.88	2.76	1.42	2.20	1.25	2.26	2.99	2.95										
2.92	1.92	2.17	2.16	1.05	1.54	1.50	2.71	2.82	1.67	1.22	1.58	1.44	1.14	1.24	1.25	1.58	2.40	2.23	2.59										
1.23	2.03	1.80	2.92	1.63	2.24	1.71	2.09	2.84	1.83	2.23	1.77	1.39	2.06	1.21	2.18	1.53	1.13	1.83	1.22										
1.35	1.94	2.30	2.89	1.05	2.81	2.08	1.10	1.52	2.40	1.92	1.44	1.56	1.88	1.85	1.26	2.56	1.03	2.72	1.55										
1.53	2.17	1.67	2.39	1.82	1.63	1.76	2.89	2.79	1.28	2.67	2.42	2.86	2.62	1.88	2.42	1.84	2.86	2.16	1.37										
1.56	2.25	2.37	2.32	2.61	1.87	1.47	2.39	1.37	2.69	1.60	1.85	2.15	1.93	1.08	2.00	1.05	1.80	2.83	2.65										
2.85	1.26	2.23	2.53	1.02	2.16	1.55	1.09	2.17	1.08	1.51	1.29	1.26	2.60	2.46	2.84	2.31	2.22	2.63	1.25										
2.87	2.27	1.60	1.91	2.67	1.04	1.08	2.29	1.06	2.38	1.61	2.07	1.97	1.46	1.47	2.39	1.04	2.02	2.13	2.72										
2.96	2.16	1.37	1.30	2.74	2.63	2.24	1.40	2.19	1.68	2.30	2.30	2.66	2.92	2.33	2.71	1.09	1.89	1.99	2.08										
1.33	2.66	2.75	2.11	2.40	2.04	1.72	2.04	2.53	2.63	2.17	2.58	1.75	1.52	1.18	1.55	1.33	2.80	1.50	1.95										
2.90	2.55	1.93	1.30	1.01	2.60	1.37	2.27	1.53	2.35	2.32	2.48	1.78	1.13	1.76	1.36	1.11	2.88	1.11	1.70										
2.39	1.21	1.90	2.07	1.40	2.79	2.20	1.12	2.13	1.39	2.89	2.20	2.75	1.48	2.58	1.36	2.89	2.20	1.37	1.89										
2.67	2.14	2.69	2.60	1.27	2.82	2.17	2.73	1.39	2.96	1.17	2.30	2.33	1.97	1.23	1.49	2.31	1.18	2.00	1.71										
2.10	2.06	1.87	1.96	1.82	2.97	2.99	1.84	1.28	2.87	2.80	2.21	1.50	1.73	2.31	1.77	1.33	1.25	1.24	1.90										
15.66	19.51	13.22	17.26	14.55	17.68	18.26	14.32	15.56	14.85	23.68	11.66	12.41	21.58	15.40	16.62	12.62	22.79	18.87	16.85										
14.64	10.88	19.91	17.38	12.34	24.77	17.11	10.04	15.23	23.98	10.89	23.59	20.03	15.60	23.35	23.40	24.50	16.92	11.20	24.43										
18.47	16.07	12.54	23.78	15.97	23.58	12.65	20.99	12.53	14.57	24.85	21.04	20.09	24.38	13.95	21.64	24.13	23.46	14.85	17.92										
20.55	20.02	13.98	16.91	18.24	19.27	24.61	19.42	23.33	22.37	13.75	23.51	17.61	19.43	17.87	16.06	20.49	10.98	12.50	10.40										
11.62	14.32	23.65	20.64	11.99	11.43	12.36	13.45	11.33	14.34	19.29	12.03	22.52	16.81	20.27	20.15	12.91	14.69	24.60	20.99										
16.60	10.12	16.78	21.40	15.46	13.60	23.87	22.08	18.76	15.04	10.10	14.24	12.45	11.02	24.99	18.55	23.14	12.96	21.08	14.07										
15.24	17.61	15.69	24.58	20.47	20.62	14.98	13.56	23.95	23.33	11.56	10.74	24.05	16.98	20.10	20.00	16.69	18.32	16.74	24.38										
11.55	10.67	10.12	23.02	20.79	13.82	12.85	19.18	18.22	19.84	13.61	18.75	20.85	21.76	17.49	22.43	18.54	20.95	20.45	15.84										
12.49	12.30	10.18	20.03	23.65	17.55	18.98	10.39	14.98	19.60	14.94	12.55	11.58	18.08	14.31	21.24	14.92	18.18	17.36	10.95										
22.52	14.71	19.93	14.92	10.14	24.37	18.72	21.03	23.99	15.15	22.33	21.27	23.60	22.37	18.91	17.48	12.84	24.13	17.12	15.39										
23.45	18.65	22.95	10.71	12.13	15.02	23.08	21.55	11.59	24.71	16.85	14.64	17.35	23.82	24.49	13.21	22.24	13.31	24.80	10.40										
24.19	11.27	13.32	13.46	18.53	14.53	16.98	13.29	10.15	15.41	17.60	14.66	14.42	14.35	23.93	24.93	22.68	15.57	18.08	12.22										
14.42	10.07	17.22	19.02	17.00	13.46	13.93	11.90	17.98	11.43	16.97	10.75	17.11	21.07	19.98	23.20	22.20	15.92	11.55	21.95										
10.19	18.24	21.73	21.24	24.74	13.82	11.99	15.70	11.56	13.67	23.89	19.69	14.02	13.37	17.32	13.30	17.10	12.11	22.60	15.37										
24.09	10.36	21.51	14.96	10.91	16.40	21.59	11.12	22.46	19.91	20.51	19.89	24.79	20.68	20.29	11.79	14.62	22.52	10.46	15.67										
11.42	13.03	9.07	12.37	11.30	13.21	11.86	6.29	10.36	5.44	11.90	12.68	12.58	14.53	10.88	11.69	9.83	11.71	8.63	9.04										
8.29	9.47	11.68	5.54	14.31	6.34	7.54	12.56	5.49	5.45	6.65	5.53	11.74	11.60	12.99	12.41	7.64	8.44	14.90	9.19										
8.92	9.54	13.16	10.81	10.10	9.67	10.68	11.58	5.61	8.31	7.66	8.52	11.64	9.00	14.41	5.84	11.74	10.75	13.56	6.55										
7.01	5.79	10.27	5.33	10.91	14.33	12.86	6.77	13.88	9.29	9.47	11.61	7.34	11.09	7.81	14.26	8.94	9.19	8.38	14.59										
12.84	6.07	12.76	9.19	13.66	7.16	13.31	8.98	12.55	9.88	9.69	6.78	8.72	14.59	11.05	13.22	13.25	11.31	6.52	6.06										
12.41	13.42	6.07	10.15	9.50	7.35	8.25	5.16	5.75	10.16	10.93	7.10	12.05	12.68	14.86	6.11	7.30	9.11	6.16	13.68										
5.82	12.26	5.57	6.37	7.90	13.27	6.70	6.77	5.51	14.04	5.72	7.65	13.10	8.97	5.94	6.62	6.00	9.59	9.39	12.87										
9.73	7.51	14.82	13.08	5.64	7.83	7.20	12.42	14.36	11.63	9.07	6.85	5.90	12.53	13.15	14.92	11.07	13.68	10.39	9.87										
6.54	10.54	9.61	9.05	13.40	10.49	13.50	8.41	10.50	6.90	10.52	8.79	6.02	14.27	8.12	11.18	7.94	11.91	10.13	13.07										
10.45	14.89	6.20	10.85	7.40	14.37	8.17	10.07	12.99	10.75	6.94	10.15	6.07	10.77	11.16	9.04	7.97	11.35	11.33	13.70										
11.86	6.31	9.24	12.72	14.50	8.49	8.53	10.47	5.08	14.47	10.44	9.91	14.68	14.81	9.34	14.52	14.09	10.45	10.75	13.91										
5.86	12.41	13.29	10.39	9.10	14.24	8.92	6.85	13.02	5.99	11.55	10.96	7.00	10.21	8.44	11.66	9.15	6.21	11.35	11.28										
12.21	6.81	11.75	11.63	14.45	7.31	6.86	9.69	7.53	9.93	8.26	5.48	13.60	9.25	9.34	6.99	9.01	11.30	14.10	5.51										
9.09	7.25	6.08	7.80	14.44	12.65	9.45	5.10	9.55	7.33	14.59	13.05	14.12	11.30	6.48	7.23	5.39	8.32	13.10	7.69										
14.20	5.90	7.86	7.04	10.43	13.71	10.63	5.44	8.08	14.85	9.34	13.77	10.77	6.66	13.60	14.93	5.11	6.44	5.56	13.78										
24.14	15.25	19.60	16.83	21.91	20.09	20.91	17.41	24.20	18.94	22.97	21.38	24.24	16.87	15.47	19.62	20.47	23.48	18.13	20.61										
22.79	21.28	19.09	18.65	18.38	22.82	17.26	24.80	15.80	17.47	24.74	20.46	23.68	21.81	20.00	23.59	22.72	20.58	16.53	16.69										
19.70	21.07	19.53	16.62	16.12	19.71	23.13	17.66	24.07	23.56	24.20	16.38	23.36	21.81	24.55	18.97	21.77	17.16	15.61	16.06										
17.52	19.55	22.10	20.10	23.76	20.67	24.57	24.38	20.75	24.26	23.40	20.23	16.49	15.57	22.03	15.67	24.06	21.88	16.88	24.85										
24.50	18.23	18.27	24.35	23.34	24.04	22.21	24.13	24.43	21.42	22.36	23.28	15.19	17.89	24.41	21.25	22.72	20.57	15.82	16.38										
24.84	17.01	24.47	18.84	15.20	16.77	19.70	18.63	19.36	18.44	20.29	16.49	23.29	16.89	24.30	18.38	16.24	16.86	17.86	23.33										
20.82	18.83	20.67	22.77	16.94	18.02	24.61	18.32	15.55	15.11	22.77	22.24	22.75	15.52	23.07	15.97	22.12	20.83	17.29	24.75										
15.74	19.34	22.97	16.49	16.68	17.88	20.48	16.72	16.83	23.34	17.91	22.74	17.25	22.59	24.39	24.60	23.53	24.86	16.55	16.75										
15.61	23.39	17.78	21.05	22.88	21.03	15.18	16.77	21.81	22.27	23.38	18.81	22.34	23.44	19.38	21.54	15.02	22.95	23.72	24.65										
19.33	18.21	15.62	24.16	17.93	24.35	24.84	23.94	18.60	20.50	18.33	24.37	22.51	15.30	22.23	21.40	24.52	21.01	18.69	16.57										
22.60	24.68	17.79	17.75	15.03	19.08	24.14	23.84	24.87	21.06	24.29	24.48	21.93	16.61	15.37	21.25	23.82	17.26	23.17	18.02										
21.22	18.75	15.49	20.91	18.21	15.86	19.97	23.12	19.54	21.52	20.89	19.28	17.42	21.36	18.24	24.62	16.49	16.60	15.33	19.76										
20.11	18.88	16.90	21.44	15.55	20.43	23.96	18.88	16.45	19.09	24.85	16.95	20.03	23.92	23.32	24.13	15.83	22.71	24.56	24.03										
22.02	22.40	17.79	24.45	22.65	24.23	23.16	22.89	19.06	24.76	19.13	16.39	19.38	16.19	15.28	18.43	23.89	20.03	20.47	22.35										
22.94	18.58	16.39	23.09	23.14	19.69	15.94	20.23	22.72	16.71	23.63	15.85	20.93	15.66	22.73	24.47	24.41	21.99	20.88	23.75										
0.00	92.43	80.16	59.87	74.70	85.14	84.85	74.39	97.02	56.44	93.93	74.90	94.93	98.71	75.77															
88.68	0.00	84.76	80.16	66.67	82.49	62.30	98.49	93.50	64.90	84.97	55.41	85.98	70.89	97.09															
97.30	88.18	0.00	92.97	60.96	95.90	72.63	58.31	62.62	80.12	63.32	75.26	57.00	94.24	88.52															
80.04	70.27	81.72	0.00	94.20	92.84	88.13	63.86	75.95	61.72	74.98	65.72	93.70	79.81	58.81															
80.71	81.60	93.26	98.96	0.00	72.78	78.55	74.73	87.73	70.23	87.56	83.61	91.29	55.10	86.28															
70.93	71.04	59.58	84.05	75.61	0.00	62.71	88.13	57.64	59.67	82.44	58.69	59.78	76.18	73.73															
87.15	78.06	76.57	85.53	99.80	80.72	0.00	72.42	93.01	78.19	59.65	79.74	89.68	89.38	69.95															
78.35	98.70	72.23	67.54	90.77	61.68	79.71	0.00	94.80	93.07	68.66	72.56	79.60	64.92	56.93															
62.18	92.14	73.51	93.18	75.46	92.68	92.11	91.90	0.00	79.85	72.48	68.79	69.19	99.99	60.83															
73.95	93.44	72.62	81.88	87.22	73.93	74.38	75.88	86.46	0.00	87.24	73.01	79.64	60.14	70.12															
55.30	85.58	75.22	92.90	89.23	58.50	72.74	81.87	63.76	90.23	0.00	80.00	55.69	66.08	85.78															
58.92	56.29	80.91	94.22	93.86	60.61	70.28	83.92	97.46	56.69	74.31	0.00	94.82	82.84	78.05															
74.13	90.56	85.54	76.94	86.73	80.76	77.61	62.09	70.89	91.17	65.38	73.87	0.00	69.43	94.14															
75.57	63.37	70.30	75.59	77.20	66.22	57.29	99.26	61.06	83.34	86.93	68.15	93.48	0.00	56.58															
72.81	71.89	70.42	76.36	70.72	91.47	59.85	79.25	62.76	66.14	58.47	86.24	62.26	63.03	0.00															
0.00	72.28	99.26	84.58	75.77	67.93	88.15	92.43	74.73	81.10	68.88	87.89	70.12	96.63	96.67															
78.80	0.00	80.32	79.56	97.20	86.97	72.33	66.12	95.65	80.21	76.92	98.13	64.42	98.02	81.06															
93.82	93.13	0.00	85.89	60.40	85.00	59.45	64.95	82.40	79.82	80.52	97.81	94.71	55.43	98.50															
75.04	58.66	56.22	0.00	99.41	70.43	74.76	89.82	85.27	60.59	59.03	77.50	97.50	90.51	74.22															
77.95	78.54	80.51	81.56	0.00	80.45	71.67	56.72	92.63	80.94	70.16	74.92	81.10	80.34	61.21															
80.49	84.40	64.70	73.06	77.72	0.00	84.43	65.64	69.06	84.65	72.36	83.30	85.64	81.75	58.12															
88.32	78.52	87.70	83.40	57.44	82.70	0.00	77.31	65.66	64.71	55.65	87.67	63.12	59.07	59.17															
82.50	79.35	59.46	82.70	69.61	55.44	96.51	0.00	92.50	55.41	61.14	61.63	83.05	81.96	73.55															
96.34	76.98	65.61	65.90	67.06	91.68	78.76	71.54	0.00	74.64	57.52	58.96	56.12	87.69	90.45															
66.16	97.94	60.75	97.67	95.42	62.76	98.87	65.15	81.78	0.00	92.81	92.63	93.89	69.12	56.36															
67.65	82.63	86.18	73.29	57.75	99.05	63.68	68.61	98.87	55.40	0.00	76.68	84.90	97.87	75.62															
77.95	55.97	87.57	95.68	79.31	98.88	67.59	85.60	92.53	84.44	75.51	0.00	85.29	97.20	73.77															
98.55	68.82	65.80	81.04	87.18	90.39	76.19	69.25	74.29	75.77	63.04	99.72	0.00	94.21	61.51															
61.63	63.48	73.58	90.13	93.93	91.40	95.50	73.44	92.55	55.49	58.33	60.05	96.73	0.00	67.64															
66.25	82.78	82.14	67.23	96.58	79.34	98.68	89.86	86.88	62.35	75.92	95.64	89.65	74.85	0.00															
0.00	87.87	61.60	72.21	55.97	59.90	96.95	85.52	92.83	57.22	72.06	75.48	86.62	84.26	81.95															
85.62	0.00	70.69	86.75	92.26	84.13	77.62	70.58	65.14	63.82	82.86	77.40	84.21	75.05	95.01															
59.96	73.78	0.00	72.27	95.15	62.30	78.57	97.89	69.43	71.29	74.18	69.23	61.01	98.67	72.15															
76.76	82.33	95.11	0.00	88.72	77.84	89.79	68.72	60.70	72.15	58.43	66.61	57.82	89.10	97.90															
85.10	98.74	83.13	93.16	0.00	57.38	59.35	87.32	57.06	79.20	90.36	82.10	81.38	65.57	76.83															
71.12	57.00	63.66	67.80	75.70	0.00	63.79	57.36	83.87	64.88	68.95	95.47	94.85	77.45	82.34															
75.27	77.76	94.95	85.18	99.96	68.96	0.00	68.14	81.33	83.04	72.26	99.75	87.66	58.58	91.28															
96.31	92.52	70.86	69.12	88.86	97.16	81.95	0.00	73.59	64.29	70.86	70.03	92.65	66.12	64.47															
87.21	82.82	91.48	55.97	95.77	75.56	69.90	74.81	0.00	64.46	83.04	91.20	97.05	82.82	94.35															
72.90	88.43	83.19	73.69	79.30	62.64	61.00	90.57	91.37	0.00	64.05	84.02	79.16	76.85	84.86															
87.28	87.90	96.05	93.88	75.03	95.81	77.21	95.29	84.75	94.75	0.00	79.39	58.89	73.43	66.56															
84.15	60.55	85.88	66.40	84.56	69.58	67.12	76.64	56.86	62.08	94.93	0.00	62.38	98.19	96.87															
81.10	88.16	94.14	93.90	90.00	98.50	61.41	71.83	60.09	96.07	95.20	84.26	0.00	90.49	66.92															
95.12	62.16	68.78	96.31	66.84	92.78	79.66	98.04	90.48	86.96	90.04	69.94	78.09	0.00	87.71															
88.07	61.96	92.66	79.36	57.09	74.59	79.66	74.47	62.30	97.72	68.38	81.70	87.02	85.85	0.00															
0.00	63.58	78.68	58.15	62.55	55.38	83.21	97.04	56.44	65.11	97.75	57.38	84.64	85.51	91.48															
84.46	0.00	64.48	75.12	65.68	88.62	82.92	84.68	84.27	82.40	71.17	72.60	86.76	87.19	58.69															
70.91	59.26	0.00	76.75	67.87	76.52	70.06	65.73	61.21	93.45	98.31	80.46	63.63	95.11	60.95															
89.21	83.82	56.12	0.00	83.05	81.10	85.78	96.29	90.22	61.87	87.50	74.43	90.35	69.76	81.73															
97.05	89.66	91.38	90.39	0.00	70.17	56.14	62.01	99.12	58.30	86.80	55.71	79.72	56.03	89.70															
67.32	76.98	85.08	64.23	73.61	0.00	94.18	69.44	87.62	71.79	99.91	67.91	59.31	96.95	93.06															
89.13	58.57	75.74	86.51	99.90	93.32	0.00	71.72	63.92	85.82	80.14	98.73	84.44	55.51	56.63															
60.20	56.08	85.97	82.35	58.25	93.83	78.81	0.00	71.13	58.81	72.08	87.07	89.39	87.32	75.89															
85.87	96.33	63.07	70.99	90.39	93.41	64.05	79.35	0.00	58.63	96.39	72.25	60.42	85.92	81.97															
88.94	89.61	57.71	68.64	84.67	73.31	89.25	58.08	76.62	0.00	73.58	81.86	63.60	60.55	62.30															
74.39	91.16	80.20	74.06	82.34	84.34	89.79	83.69	95.67	82.50	0.00	79.89	78.89	91.94	96.22															
92.53	70.78	94.72	94.57	78.37	68.67	61.43	85.24	91.55	69.77	92.09	0.00	60.30	63.20	91.90															
74.75	91.73	97.11	68.03	98.96	70.87	67.12	81.29	78.23	78.20	83.77	74.85	0.00	96.34	94.52															
95.87	69.61	80.11	94.51	68.96	88.83	99.46	71.30	75.07	86.32	65.08	91.40	72.84	0.00	89.30															
61.36	99.68	78.11	57.02	88.52	96.42	90.43	70.79	58.91	85.12	62.29	94.70	57.44	67.61	0.00															
0.00	93.02	76.23	63.68	74.31	88.00	66.81	95.28	76.81	81.98	78.35	58.38	83.26	60.06	92.92															
78.04	0.00	92.91	63.26	72.01	95.98	97.62	63.88	75.27	95.09	91.40	71.14	84.17	68.03	64.74															
76.91	95.55	0.00	86.98	71.90	73.04	67.17	93.20	78.02	73.58	75.44	89.68	60.30	71.22	58.16															
86.22	97.49	56.20	0.00	83.85	87.16	62.58	62.77	67.67	95.46	78.72	68.11	88.48	87.97	82.51															
75.56	80.07	95.00	79.91	0.00	72.89	71.78	68.97	79.38	96.71	69.64	63.14	69.17	69.53	65.75															
86.05	62.72	59.86	82.06	98.71	0.00	57.47	93.62	83.03	61.74	96.64	67.06	60.12	64.93	96.08															
59.53	97.19	62.89	98.39	94.34	94.43	0.00	74.13	67.12	64.73	62.30	86.61	86.01	79.87	91.33															
96.66	90.17	85.23	91.54	67.26	57.48	74.86	0.00	99.09	57.33	98.16	75.00	68.05	88.98	81.21															
56.37	93.56	65.54	66.19	95.28	83.60	68.41	61.90	0.00	96.40	56.20	82.89	89.95	88.79	59.56															
98.81	61.38	82.29	75.07	66.71	95.33	59.71	98.28	62.06	0.00	74.21	95.12	83.15	64.01	65.87															
97.47	75.04	82.64	76.20	83.68	89.41	80.57	69.93	63.33	98.49	0.00	98.18	89.09	76.88	71.17															
93.17	73.65	55.83	61.55	92.28	81.11	62.23	56.03	67.00	66.56	61.59	0.00	94.47	99.70	65.63															
91.93	73.00	96.74	57.30	69.71	78.83	87.79	98.17	58.56	81.26	80.77	70.07	0.00	65.21	81.96															
72.04	85.42	82.32	72.29	88.33	62.16	68.71	77.05	79.17	94.42	89.43	99.69	56.63	0.00	81.63															
64.84	74.05	69.80	80.67	89.84	58.55	61.99	70.12	94.84	56.22	56.36	91.06	81.10	93.08	0.00															
0.00	88.96	89.29	86.98	98.98	71.41	98.06	92.02	57.81	77.33	65.41	93.29	77.85	61.52	78.90															
56.73	0.00	92.47	69.54	73.51	87.36	66.93	67.97	99.08	62.34	70.39	73.40	85.77	72.66	77.15															
79.57	93.63	0.00	79.15	84.48	98.29	68.90	91.08	91.71	61.60	72.39	88.79	83.35	98.15	96.07															
94.87	63.22	93.67	0.00	59.99	95.54	68.39	79.90	92.08	89.45	62.61	98.37	67.88	77.74	55.44															
80.27	95.67	67.93	57.66	0.00	92.07	81.00	92.54	59.30	71.73	86.85	76.60	77.87	99.26	63.32															
94.96	82.63	76.86	80.49	97.38	0.00	77.82	89.07	66.52	86.79	72.13	86.51	81.67	64.14	93.66															
76.37	76.38	59.35	82.31	77.98	81.94	0.00	83.07	88.46	94.14	76.78	73.31	77.99	61.75	70.63															
67.50	76.23	63.97	83.39	59.70	60.34	55.88	0.00	58.32	76.69	96.10	82.52	86.03	84.02	92.41															
84.02	80.59	61.48	92.58	77.79	56.90	71.59	87.39	0.00	76.40	98.09	86.89	77.39	82.65	73.20															
64.23	93.93	87.09	81.24	70.12	96.32	79.27	88.91	62.93	0.00	70.43	80.03	96.10	79.60	55.17															
70.70	74.42	65.04	90.20	92.31	85.96	91.27	56.26	71.30	84.98	0.00	86.28	65.92	92.65	84.89															
79.44	95.06	99.32	66.16	88.66	59.20	72.10	74.06	55.87	79.89	82.45	0.00	98.93	87.44	90.27															
73.62	64.14	69.60	56.85	90.35	60.38	94.70	96.86	99.25	60.01	67.31	55.61	0.00	97.31	69.03															
80.59	95.32	83.75	94.31	70.66	74.32	85.40	99.74	59.07	70.91	75.21	79.71	56.43	0.00	76.29															
55.71	99.31	83.06	82.08	78.50	94.56	74.97	82.83	93.28	75.19	95.65	59.26	75.30	73.82	0.00															
0.00	91.95	77.26	94.59	67.75	76.60	64.73	63.72	97.92	58.60	62.41	67.87	65.09	82.83	73.33															
93.33	0.00	68.70	66.75	77.93	61.95	59.54	63.69	92.03	64.34	94.82	93.97	74.23	96.15	83.12															
59.83	60.06	0.00	85.53	84.72	77.72	76.11	96.05	70.38	77.57	77.60	88.02	71.32	80.28	58.15															
60.58	89.01	69.95	0.00	60.29	86.26	58.77	64.01	77.93	89.91	77.67	92.50	71.05	72.87	98.93															
98.69	66.95	76.41	98.17	0.00	92.97	65.28	69.29	79.78	98.72	88.17	59.23	60.40	74.46	68.95															
77.67	89.91	91.33	57.40	60.77	0.00	96.67	64.64	68.24	59.72	65.69	62.68	91.47	67.02	71.20															
87.28	86.59	94.63	80.56	78.09	55.12	0.00	83.02	56.43	81.66	57.20	80.77	68.72	92.91	72.06															
55.73	96.46	61.44	80.51	93.38	86.80	97.33	0.00	80.32	78.79	95.49	83.71	66.88	66.15	86.54															
82.38	85.54	85.04	89.19	70.17	88.16	75.18	95.53	0.00	66.58	72.55	72.72	71.77	77.97	96.42															
64.38	95.45	68.07	89.66	83.72	75.43	65.40	59.65	80.62	0.00	80.23	82.71	97.97	64.22	87.06															
65.77	73.93	63.73	56.73	94.80	70.86	90.42	60.83	72.32	96.47	0.00	89.35	62.07	81.79	99.08															
98.13	71.41	91.82	65.58	57.41	87.34	85.74	78.36	66.93	73.16	88.13	0.00	84.05	99.27	62.09															
63.51	62.60	56.46	92.98	66.26	73.67	90.05	99.04	96.97	95.14	76.40	82.07	0.00	61.00	67.88															
87.94	57.58	65.39	94.42	76.74	85.48	91.84	95.35	97.83	60.95	70.86	57.44	86.31	0.00	78.63															
69.75	92.36	59.14	88.64	92.06	74.23	64.32	61.99	74.48	89.65	57.39	60.99	80.54	62.82	0.00															
0.00	55.74	96.59	77.52	72.78	76.29	62.22	59.32	86.95	92.82	96.77	67.31	60.66	81.70	75.12															
85.20	0.00	76.92	67.59	75.48	74.70	91.88	96.38	71.98	57.60	76.42	88.18	81.77	80.67	83.59															
75.92	60.77	0.00	71.04	67.53	61.46	63.15	79.25	92.53	87.71	65.64	72.63	86.48	80.31	90.24															
73.24	92.31	97.56	0.00	79.22	61.45	85.57	65.09	92.78	90.92	80.25	62.29	89.11	85.05	58.57															
86.93	60.89	66.64	96.42	0.00	61.79	79.54	67.48	81.73	77.35	97.15	91.40	78.81	86.41	73.56															
92.99	94.89	91.90	58.63	87.40	0.00	55.17	74.55	70.47	64.59	57.58	74.19	58.68	73.47	88.83															
79.72	63.85	79.65	58.62	79.08	63.14	0.00	93.30	69.59	86.46	81.24	57.21	56.63	96.06	75.85															
90.85	57.80	57.91	91.33	94.93	75.89	68.29	0.00	61.78	97.68	63.61	64.98	69.86	74.26	93.43															
69.91	65.22	65.53	99.22	76.23	98.70	93.53	80.28	0.00	94.88	63.58	76.30	62.28	92.67	74.62															
82.93	60.33	74.91	64.58	96.48	77.04	65.62	65.19	85.11	0.00	66.27	82.27	60.00	80.33	75.94															
58.00	71.36	85.31	80.00	78.74	66.09	79.60	64.06	97.51	98.37	0.00	65.14	80.78	85.45	91.08															
88.73	99.89	76.14	64.95	83.81	90.69	99.42	86.88	76.78	80.50	96.70	0.00	62.27	91.25	98.99															
55.61	88.34	69.37	74.79	99.33	81.74	56.10	92.62	87.72	82.34	84.25	89.15	0.00	78.06	91.60															
72.16	67.87	90.28	80.45	55.75	62.58	76.02	77.82	99.22	84.67	77.61	80.13	63.75	0.00	88.16															
82.46	75.76	90.98	77.60	58.35	61.13	72.07	58.11	80.78	56.55	59.92	61.68	62.28	93.38	0.00															
0.00	87.79	85.91	66.80	96.92	76.95	77.00	91.00	70.26	63.10	94.55	68.93	78.65	69.24	96.65															
68.98	0.00	64.24	66.10	94.84	58.01	65.23	76.63	93.76	65.72	70.23	90.61	84.00	64.18	73.44															
64.40	70.63	0.00	81.70	61.13	83.16	99.47	84.79	61.24	97.26	80.96	66.98	70.48	90.35	83.91															
99.22	57.64	87.74	0.00	91.81	67.63	96.02	88.34	94.04	58.87	90.15	72.80	96.68	77.01	80.57															
69.09	81.00	83.13	77.75	0.00	92.04	72.50	96.95	61.39	86.09	81.29	91.69	69.46	65.81	59.99															
62.92	58.31	79.32	95.02	67.51	0.00	78.53	84.69	66.16	85.21	89.48	69.78	70.21	80.32	55.55															
91.32	60.68	93.74	90.14	83.32	95.55	0.00	66.40	94.97	80.85	79.21	87.93	98.80	98.83	90.96															
96.22	89.02	75.49	57.54	59.83	58.23	75.14	0.00	66.27	87.37	98.66	98.90	61.97	55.47	87.00															
84.12	67.06	92.31	85.66	75.74	63.49	73.70	69.96	0.00	81.74	69.72	71.98	67.90	64.94	91.91															
90.87	71.59	56.47	98.77	94.37	66.60	88.22	82.80	99.42	0.00	83.37	59.88	61.98	88.03	81.49															
60.01	76.89	79.50	82.76	64.74	98.62	65.50	59.45	89.45	57.45	0.00	74.97	56.95	96.93	77.20															
83.10	88.90	61.48	85.92	60.10	95.21	83.55	55.06	57.83	96.79	73.79	0.00	88.15	66.97	61.76															
85.33	80.05	61.28	63.75	85.30	99.27	86.08	95.27	71.20	58.99	61.84	55.79	0.00	69.33	64.41															
80.68	90.86	90.79	91.15	96.67	72.81	78.03	73.29	94.53	96.52	78.10	69.60	88.17	0.00	93.40															
83.95	58.77	81.47	65.08	55.61	66.60	70.35	91.89	88.06	73.53	62.03	68.71	90.64	85.37	0.00															
0.00	71.56	90.24	79.60	89.03	97.46	61.80	93.41	88.59	70.22	76.60	72.62	91.46	99.55	83.78															
79.58	0.00	70.48	83.59	93.10	61.80	84.66	72.57	72.41	79.04	55.03	58.37	70.26	60.47	75.54															
86.05	87.39	0.00	96.80	84.49	78.68	98.98	67.22	62.36	58.28	81.32	87.85	62.34	90.98	65.62															
77.38	84.65	81.78	0.00	79.83	70.25	66.20	59.00	75.75	70.94	99.07	97.35	88.94	71.63	77.39															
69.90	77.53	72.24	59.94	0.00	76.22	69.14	60.06	56.02	73.66	74.81	93.04	98.93	90.57	70.89															
88.43	74.85	93.33	63.79	73.17	0.00	59.16	89.16	64.71	55.79	96.31	69.30	62.00	77.76	91.34															
97.10	69.71	71.81	66.28	59.25	92.43	0.00	58.52	85.34	98.44	92.51	85.16	65.69	64.78	81.71															
97.43	85.93	88.52	82.50	71.17	98.43	64.32	0.00	90.69	64.80	61.39	86.50	87.36	89.65	79.65															
91.25	55.13	62.12	89.59	88.76	81.01	56.41	83.61	0.00	85.75	83.97	60.76	62.63	72.83	89.29															
60.77	80.14	73.65	65.94	71.38	64.16	98.68	68.72	97.78	0.00	65.45	89.19	96.42	61.75	58.21															
65.86	64.05	72.20	78.59	78.39	88.15	58.49	75.29	87.28	55.38	0.00	93.98	65.89	66.63	90.31															
87.61	85.99	84.28	79.82	92.52	65.95	95.76	83.25	87.89	64.77	69.95	0.00	86.80	99.95	56.86															
95.14	95.53	76.22	73.60	55.11	96.69	63.94	71.07	92.43	87.73	87.58	68.86	0.00	73.13	55.65															
97.06	63.67	74.42	76.98	65.68	83.79	57.71	97.46	59.99	71.48	96.34	87.68	89.97	0.00	59.81															
85.10	55.59	90.04	99.66	84.71	78.19	66.88	97.64	99.32	70.63	55.73	66.84	70.21	56.04	0.00															
0.00	92.46	85.55	91.12	58.98	93.57	66.57	92.19	61.31	78.07	59.51	98.66	60.85	66.98	73.26															
78.24	0.00	69.89	75.58	58.48	91.59	59.39	59.55	73.88	86.36	60.51	95.86	64.80	56.02	73.48															
81.24	77.63	0.00	86.62	59.09	62.24	60.99	76.19	87.91	67.51	63.57	98.80	98.03	57.29	97.29															
80.06	60.88	58.54	0.00	84.27	83.58	89.48	96.40	94.51	57.15	64.77	61.72	66.23	56.40	79.34															
95.91	99.03	58.91	56.99	0.00	69.20	98.14	58.18	56.93	84.84	64.55	69.50	78.80	89.64	93.80															
65.31	67.99	79.37	61.60	91.88	0.00	87.66	73.81	87.33	96.99	90.01	70.59	63.64	70.65	74.22															
93.43	79.98	57.52	92.91	59.87	68.71	0.00	67.01	87.41	94.35	57.82	80.69	62.96	85.07	73.38															
96.39	93.86	85.91	90.96	58.50	63.17	75.08	0.00	89.20	63.92	80.86	87.88	85.86	59.80	96.47															
71.36	80.30	76.67	71.05	91.47	89.17	86.07	62.11	0.00	88.73	83.09	72.64	63.29	93.51	88.69															
81.99	62.69	99.13	80.08	93.77	56.39	77.30	83.54	55.16	0.00	72.53	71.93	64.34	75.33	71.62															
91.66	89.23	65.43	87.31	78.85	90.15	61.30	55.60	72.20	56.90	0.00	77.59	84.10	74.41	89.15															
71.08	69.41	85.86	72.77	97.41	57.62	92.67	78.54	72.07	70.22	58.84	0.00	63.56	67.67	59.83															
99.86	56.09	81.68	83.25	88.99	69.99	65.69	78.98	91.93	68.59	75.37	69.73	0.00	80.55	94.67															
80.91	86.45	74.37	78.58	61.22	95.12	70.93	81.39	72.27	85.79	99.37	78.31	97.58	0.00	78.16															
67.84	82.35	78.81	76.06	76.04	71.29	79.24	66.67	88.13	97.64	61.08	60.82	64.84	86.85	0.00															
0.00	95.45	91.02	76.61	60.21	96.85	85.50	62.16	56.43	83.87	90.99	88.80	81.67	95.43	88.21															
68.79	0.00	91.75	71.28	94.98	82.14	75.14	97.24	62.05	83.08	82.68	77.36	72.18	74.23	92.67															
55.85	81.48	0.00	60.91	72.13	55.81	69.98	67.91	62.25	59.52	97.66	69.77	59.03	70.49	91.71															
83.95	56.00	66.76	0.00	91.07	57.71	73.85	87.56	92.09	60.57	68.00	89.15	61.40	65.24	70.34															
63.77	97.42	56.63	63.09	0.00	64.57	72.89	63.18	75.13	72.30	91.06	83.97	56.07	94.76	75.87															
73.87	59.88	58.56	81.20	67.63	0.00	76.93	97.31	82.25	87.14	55.01	63.65	99.16	83.92	83.27															
91.96	75.97	99.03	78.42	89.44	70.17	0.00	59.17	65.97	56.94	92.10	61.10	65.10	65.34	79.02															
85.73	84.81	85.59	85.14	75.59	91.19	93.24	0.00	64.74	65.68	83.20	71.21	90.01	83.74	81.34															
99.14	99.91	90.27	85.64	55.72	76.43	55.78	65.88	0.00	88.08	93.85	93.57	71.95	72.06	85.11															
88.69	69.21	71.53	66.56	97.12	91.98	99.13	71.43	99.53	0.00	85.88	68.81	61.31	70.11	88.47															
90.37	81.23	60.64	66.25	83.53	79.56	99.42	88.83	88.10	55.13	0.00	69.50	94.11	97.61	68.37															
91.53	72.22	59.61	59.97	84.45	88.63	65.57	66.57	57.33	67.10	55.94	0.00	94.61	98.20	98.79															
68.06	68.23	78.69	73.92	88.07	60.78	92.05	76.99	74.79	63.61	66.24	92.46	0.00	95.56	77.69															
97.45	57.60	60.41	92.11	87.96	65.92	98.57	80.90	88.25	79.33	83.73	98.47	78.85	0.00	81.56															
77.37	61.35	88.90	82.13	60.71	75.67	87.16	78.94	72.33	79.40	74.49	65.85	62.02	68.25	0.00															
0.00	83.39	67.86	77.10	88.82	74.64	63.78	65.93	94.42	75.09	88.09	97.81	78.87	68.52	79.62															
81.37	0.00	64.12	95.56	90.65	70.03	68.38	70.37	82.20	66.21	56.36	84.32	73.30	62.95	98.81															
72.05	83.24	0.00	92.66	89.61	98.76	83.51	98.49	61.86	61.30	83.36	86.16	74.52	73.78	82.06															
80.96	85.13	95.83	0.00	85.07	67.62	75.46	89.92	62.52	91.02	84.71	77.40	61.28	93.20	66.99															
75.42	96.11	72.45	80.15	0.00	60.45	58.14	94.93	99.84	95.35	95.18	55.72	78.72	98.42	76.84															
69.33	57.94	96.61	61.53	57.88	0.00	56.27	79.74	65.19	76.63	63.58	74.34	94.75	67.82	59.44															
60.57	61.49	57.69	70.27	93.43	56.81	0.00	80.19	59.35	78.32	89.26	61.12	80.69	77.19	81.38															
73.86	66.29	94.11	85.16	90.97	59.41	88.52	0.00	73.86	70.58	85.54	57.18	69.53	73.15	78.52															
79.47	96.79	64.92	65.84	96.45	84.31	99.13	62.73	0.00	77.24	69.46	74.32	78.97	59.97	74.84															
77.93	72.99	72.13	99.27	57.92	81.38	93.67	69.35	78.48	0.00	96.83	74.35	72.24	97.16	60.96															
72.52	67.43	78.98	59.47	72.51	90.78	85.66	90.92	74.60	79.72	0.00	65.68	92.14	88.59	89.33															
85.57	64.06	69.27	56.52	71.19	87.62	92.01	95.86	64.73	86.96	61.27	0.00	62.13	63.61	97.09															
76.79	71.54	69.79	83.40	68.90	82.82	83.84	87.30	83.46	67.17	96.88	84.19	0.00	79.97	56.40															
68.90	63.93	95.23	64.63	77.14	90.90	93.42	73.07	92.53	60.36	80.37	82.10	63.55	0.00	57.59															
63.88	98.67	71.52	63.41	60.69	69.04	90.50	93.41	66.49	55.36	58.95	78.48	92.02	62.30	0.00															
0.00	91.31	90.72	66.47	65.38	75.71	84.05	60.35	74.75	56.87	66.20	94.42	90.21	76.81	99.62															
69.10	0.00	56.19	71.72	86.50	58.74	62.34	88.13	62.71	56.99	62.16	70.93	61.54	78.04	62.09															
82.26	72.76	0.00	89.17	91.15	65.66	91.95	56.39	58.39	56.98	91.81	80.64	75.05	57.65	99.69															
67.37	65.92	67.32	0.00	58.85	56.52	93.36	97.96	86.31	99.35	67.13	77.33	80.76	60.01	56.25															
85.69	68.55	71.55	61.62	0.00	93.70	64.95	88.40	99.75	90.62	83.83	76.26	93.40	82.77	80.64															
86.91	59.21	61.29	95.09	62.63	0.00	86.71	67.44	77.09	55.45	86.00	99.93	82.99	68.91	86.39															
69.33	98.86	93.31	96.40	64.90	86.82	0.00	55.02	71.32	60.81	93.98	62.10	70.08	89.08	72.38															
58.88	74.73	86.11	71.47	97.06	98.58	60.60	0.00	74.40	88.04	61.25	93.83	96.64	75.71	55.40															
95.90	61.71	71.03	56.55	85.49	94.94	83.10	88.01	0.00	58.17	91.43	80.05	93.74	78.35	74.76															
82.60	61.74	58.53	92.82	62.07	64.65	69.58	87.89	73.62	0.00	67.08	96.10	93.06	66.88	89.93															
76.41	61.07	63.42	89.10	61.00	67.89	75.01	92.86	66.54	95.57	0.00	81.35	70.70	89.47	70.81															
97.54	57.51	68.29	92.97	59.50	55.31	60.30	82.59	70.79	99.13	59.35	0.00	98.05	76.00	95.51															
64.20	71.68	78.15	93.06	55.20	71.40	70.11	89.69	58.51	88.49	92.93	89.25	0.00	62.26	68.15															
61.55	85.13	63.93	64.52	90.43	83.10	82.62	68.91	58.77	72.27	97.84	56.56	84.15	0.00	85.18															
82.28	77.28	75.24	61.60	98.23	72.76	69.34	89.67	71.85	91.17	68.59	59.92	80.31	66.85	0.00															
0.00	59.12	78.69	97.30	82.35	75.47	74.47	65.09	87.15	78.66	87.09	97.45	61.28	98.34	56.98															
65.28	0.00	67.20	93.85	68.05	72.29	83.72	56.65	64.97	76.16	80.12	95.45	69.43	69.31	96.41															
75.77	80.54	0.00	79.25	80.34	73.27	99.76	66.38	67.86	93.82	90.01	59.61	82.48	66.85	84.27															
60.04	70.90	85.13	0.00	56.78	56.90	58.68	64.00	78.40	81.23	84.65	67.91	88.31	97.90	85.15															
78.87	99.91	85.32	96.51	0.00	60.11	84.66	91.62	85.09	72.44	83.36	58.81	63.58	74.94	57.07															
98.93	98.09	59.51	75.54	82.76	0.00	95.50	59.46	94.60	68.73	80.71	61.33	67.90	65.87	60.98															
87.25	78.77	88.49	64.42	59.24	93.56	0.00	61.40	74.43	81.21	74.46	98.84	78.53	59.99	68.60															
56.25	79.63	98.47	75.87	67.96	80.90	76.29	0.00	55.07	82.30	67.79	65.15	68.75	98.71	88.46															
93.59	58.47	86.77	97.83	82.62	87.55	91.18	82.92	0.00	84.53	60.64	58.19	93.23	69.06	56.33															
96.54	56.20	79.93	73.80	91.89	74.69	62.05	55.24	87.73	0.00	64.59	62.94	64.36	82.30	93.72															
61.49	83.76	92.79	59.50	90.00	95.97	95.91	67.94	89.13	82.50	0.00	97.38	91.34	88.39	82.31															
62.36	78.90	75.82	80.43	82.09	64.47	98.04	74.76	79.98	83.34	82.44	0.00	66.97	89.61	83.32															
96.78	87.30	61.81	86.08	58.74	95.87	64.51	84.65	64.96	60.15	91.76	79.22	0.00	70.26	67.18															
89.50	61.14	65.62	63.30	71.39	74.26	81.51	84.37	59.71	80.72	99.97	84.75	60.07	0.00	57.02															
76.48	70.26	63.14	94.52	63.98	58.00	63.56	79.09	75.47	56.65	82.03	87.89	75.12	87.79	0.00															
0.00	56.24	79.07	74.14	80.36	76.52	92.40	79.67	74.86	95.90	67.63	80.54	74.87	56.26	96.79															
90.39	0.00	89.04	68.31	86.22	91.41	63.77	59.30	95.05	66.28	75.14	97.94	71.30	61.55	94.52															
59.15	79.01	0.00	97.88	55.28	68.78	82.69	72.84	57.51	72.20	74.98	90.47	85.12	99.01	61.08															
56.35	69.95	83.68	0.00	92.19	73.19	88.89	96.43	55.46	96.21	60.67	71.37	60.16	84.98	83.21															
55.35	98.21	77.84	89.62	0.00	92.23	78.36	74.30	72.77	71.39	97.68	99.28	86.90	92.69	72.44															
95.53	55.21	85.91	75.59	86.80	0.00	68.04	98.95	86.65	63.64	99.68	96.50	56.61	55.11	91.62															
72.08	62.05	73.65	63.49	56.58	97.12	0.00	72.50	88.12	99.71	91.80	82.63	92.75	68.65	95.82															
89.23	55.75	77.78	85.56	85.34	86.79	87.12	0.00	69.57	90.60	58.72	82.95	62.16	85.94	74.09															
65.85	96.37	93.87	94.67	68.34	69.27	69.37	64.74	0.00	81.14	92.97	97.29	64.86	56.70	55.91															
71.50	88.12	60.69	57.45	83.77	70.96	71.36	75.86	97.33	0.00	77.63	79.33	95.24	74.30	84.18															
86.74	87.85	70.93	70.98	85.86	72.60	84.39	72.64	98.36	94.14	0.00	85.59	94.39	60.10	60.98															
95.53	86.81	60.90	77.19	93.28	73.11	76.11	85.37	61.62	92.62	78.06	0.00	68.87	98.36	67.15															
67.28	83.24	58.53	78.30	86.85	99.31	86.65	56.62	93.04	84.39	78.06	91.23	0.00	56.36	74.32															
92.26	87.46	65.80	82.43	72.23	72.40	85.91	97.81	58.79	63.80	73.64	72.85	79.82	0.00	58.42															
99.40	62.80	78.31	75.29	86.64	66.08	58.13	75.65	61.80	89.03	90.75	97.19	71.99	87.31	0.00															
0.00	68.60	95.44	91.72	82.69	94.50	93.58	98.36	97.27	64.97	77.72	99.67	62.78	94.57	56.15															
90.59	0.00	59.78	61.81	87.31	89.86	77.49	95.62	85.83	56.35	92.81	64.11	84.20	77.88	66.88															
79.66	82.73	0.00	80.13	80.68	75.29	77.12	86.83	73.80	71.14	93.42	78.27	73.84	62.10	86.58															
89.19	56.15	57.47	0.00	83.34	74.96	70.97	62.05	57.28	68.26	84.12	88.22	64.18	86.13	71.99															
68.57	57.67	64.45	58.20	0.00	68.57	83.42	80.65	85.52	61.03	95.45	68.70	76.57	86.46	93.12															
96.06	89.89	67.44	74.25	59.12	0.00	96.15	97.53	97.17	71.94	62.98	77.25	97.78	68.18	80.81															
65.55	89.88	73.45	72.98	68.00	56.91	0.00	77.27	78.54	93.31	65.61	63.37	93.01	97.12	61.47															
60.71	56.29	80.30	68.96	92.24	72.94	66.21	0.00	84.55	98.61	80.63	64.45	81.42	93.90	96.11															
69.32	86.95	99.61	70.68	84.02	55.66	80.79	91.78	0.00	77.16	57.07	98.01	60.45	73.90	82.97															
66.29	73.60	91.04	78.08	80.78	74.72	64.78	85.17	57.26	0.00	75.19	88.81	79.33	79.99	59.69															
74.85	59.63	66.44	55.16	90.49	98.61	68.45	93.18	91.34	83.60	0.00	55.75	84.69	91.62	90.66															
98.99	89.15	85.62	89.15	64.32	87.96	80.42	60.09	65.64	81.96	85.66	0.00	63.87	70.16	87.82															
82.45	94.37	68.72	94.32	97.95	72.69	82.66	82.69	87.28	69.42	69.27	67.13	0.00	84.44	75.74															
80.07	88.54	97.03	60.33	90.01	79.31	92.26	57.75	93.53	65.73	56.55	97.53	56.03	0.00	56.13															
89.97	90.85	61.69	79.52	90.17	58.47	65.60	92.58	83.79	68.55	98.85	66.16	70.25	98.38	0.00															
0.00	73.56	71.35	86.38	65.93	55.66	89.04	93.68	72.12	69.00	68.64	71.01	74.30	59.00	86.61															
64.89	0.00	89.87	93.28	64.70	69.39	66.46	95.87	61.22	66.88	74.18	59.46	99.77	79.93	92.48															
85.99	94.37	0.00	82.51	61.12	68.55	80.38	86.27	63.81	93.16	58.88	72.41	81.18	83.85	94.72															
63.67	86.78	96.12	0.00	90.58	69.50	86.90	65.53	93.85	75.71	80.45	64.78	91.96	56.54	71.77															
61.26	94.04	84.42	98.43	0.00	78.36	59.15	85.08	66.44	95.44	56.18	81.20	58.28	90.46	57.23															
60.97	69.25	60.33	65.18	77.06	0.00	70.81	67.47	71.15	96.20	60.43	66.17	76.91	85.50	73.72															
85.84	86.96	84.12	87.40	77.65	93.55	0.00	83.08	73.66	62.88	93.10	78.21	74.84	85.10	98.50															
86.30	78.63	78.21	64.97	55.12	62.53	79.46	0.00	78.00	82.72	74.53	73.03	81.26	98.41	64.08															
78.45	57.04	93.61	92.70	69.55	55.94	63.58	80.28	0.00	74.10	55.45	74.05	97.18	57.16	99.22															
87.34	97.29	97.71	79.47	79.07	63.58	63.39	57.00	56.03	0.00	79.54	94.32	73.21	73.65	59.84															
77.94	60.01	93.17	76.66	65.72	55.67	88.22	63.33	70.06	97.34	0.00	94.28	84.15	60.14	68.79															
56.35	84.79	59.44	64.26	85.42	57.87	69.10	93.22	78.44	98.05	89.01	0.00	82.31	79.55	61.48															
84.91	94.32	88.57	61.05	83.51	81.64	85.57	80.27	66.60	64.95	74.62	89.74	0.00	78.52	58.74															
70.01	99.58	89.69	57.09	76.63	56.30	71.93	57.16	60.33	87.15	91.78	70.12	98.01	0.00	79.56															
86.24	75.78	89.30	67.72	69.91	71.86	85.66	59.81	64.20	81.96	69.60	71.53	56.26	63.99	0.00															
0.00	94.47	66.75	87.01	61.28	71.47	90.84	77.40	66.20	76.59	96.67	71.64	73.03	82.54	91.56															
81.24	0.00	75.51	79.16	71.21	57.92	89.95	98.86	81.79	68.72	95.22	72.64	69.20	79.56	82.95															
77.96	87.02	0.00	85.62	70.67	99.17	93.52	97.79	71.46	64.27	86.19	83.61	78.53	90.93	84.26															
65.52	69.88	73.59	0.00	98.54	81.89	83.95	87.41	68.28	68.75	95.36	55.75	59.85	76.65	75.22															
74.77	68.57	73.62	99.10	0.00	64.45	74.80	96.81	87.45	62.13	78.95	55.86	63.14	84.34	75.20															
75.01	76.48	93.51	95.32	73.01	0.00	88.88	76.88	98.97	85.16	92.22	59.53	99.39	59.94	69.79															
62.16	82.45	79.91	73.01	61.30	62.56	0.00	64.75	92.36	63.25	80.81	62.20	94.58	83.26	87.80															
56.23	74.60	57.54	74.42	97.30	92.05	94.48	0.00	98.99	73.81	84.61	66.78	71.14	80.93	87.78															
84.62	97.48	87.05	71.03	60.99	92.19	84.52	99.97	0.00	56.59	55.93	92.50	66.00	78.19	90.32															
65.43	95.24	94.02	93.73	96.00	89.73	75.68	83.09	72.75	0.00	58.48	88.28	85.70	86.33	61.97															
66.77	96.38	55.47	88.77	63.49	73.47	89.06	68.26	77.28	69.11	0.00	91.95	98.38	67.59	59.44															
68.67	58.44	97.85	59.99	93.51	87.87	71.97	74.84	86.07	67.79	56.71	0.00	56.74	89.27	65.40															
71.59	77.49	86.06	56.56	72.58	72.24	63.77	60.95	68.60	76.40	56.59	78.93	0.00	95.44	97.46															
79.68	58.69	68.08	86.81	99.20	70.39	59.97	69.57	59.41	85.60	82.51	90.99	98.69	0.00	83.56															
95.32	62.44	89.54	80.30	70.09	98.24	68.81	95.51	78.97	99.47	58.85	76.32	83.28	75.54	0.00															
0.00	56.92	79.45	70.10	57.01	70.95	64.98	62.29	71.21	89.69	94.00	70.66	91.86	94.71	60.62															
69.09	0.00	68.72	95.09	70.32	74.51	68.65	62.39	71.27	65.63	72.50	90.21	94.79	81.21	89.18															
65.20	58.12	0.00	59.66	67.46	99.21	91.98	80.21	86.93	57.25	62.81	75.11	75.78	75.36	62.28															
94.51	61.33	94.74	0.00	61.02	84.62	76.59	89.39	72.92	83.49	92.02	80.83	82.14	95.34	64.60															
67.35	96.85	86.42	66.16	0.00	81.76	57.08	87.43	58.17	59.93	85.54	93.33	82.99	93.31	67.09															
62.61	98.27	89.74	92.39	63.02	0.00	85.26	81.13	67.45	73.05	70.91	76.24	82.57	66.34	86.18															
78.98	72.37	87.92	91.55	89.87	75.66	0.00	92.79	91.42	75.21	79.57	84.40	72.02	73.41	66.22															
60.50	99.83	60.50	99.06	84.77	78.02	77.54	0.00	98.38	92.26	71.19	78.49	70.03	70.31	90.19															
81.89	65.14	90.65	93.73	91.80	97.13	88.23	88.94	0.00	84.47	71.81	88.65	87.82	93.47	79.37															
80.91	74.83	68.62	99.44	60.90	92.16	63.67	59.29	59.72	0.00	68.39	59.00	79.45	87.53	82.20															
63.31	68.72	79.86	85.32	97.51	56.42	84.20	83.65	71.33	63.05	0.00	87.43	73.73	70.30	99.51															
79.56	70.60	72.57	89.69	56.35	55.18	95.54	95.19	99.19	63.11	68.00	0.00	95.09	89.07	77.31															
84.74	70.48	65.02	80.62	70.93	93.04	57.74	99.61	91.34	73.97	81.40	56.12	0.00	94.33	82.51															
64.99	73.06	64.53	93.78	68.10	65.10	82.29	89.61	93.05	77.40	77.33	92.40	79.05	0.00	85.60															
82.02	69.42	80.58	64.50	82.77	85.45	62.85	62.54	93.58	65.11	73.77	66.75	85.81	75.71	0.00															
0.00	59.33	44.10	42.46	46.60	60.85	47.09	42.74	56.78	54.24	55.44	54.96	58.87	56.45	51.68															
43.58	0.00	60.38	56.82	43.85	44.16	54.50	52.28	53.37	60.08	42.21	44.22	51.12	41.44	45.50															
52.57	54.27	0.00	52.72	59.93	42.39	58.05	57.00	46.52	58.59	43.78	60.64	54.74	51.88	43.54															
51.15	49.37	52.96	0.00	60.76	50.47	56.87	41.18	58.09	44.73	58.45	51.98	60.22	59.03	52.17															
48.42	48.13	50.42	46.08	0.00	41.27	48.30	55.42	43.45	56.00	48.17	59.79	59.31	46.86	53.24															
48.63	54.71	52.05	43.95	46.08	0.00	49.14	59.39	49.88	47.07	49.03	50.17	41.37	50.05	48.48															
60.55	42.89	51.56	48.84	50.56	55.81	0.00	43.92	60.54	45.49	41.57	44.58	46.51	54.93	49.09															
54.74	60.49	44.94	48.23	49.54	49.68	44.72	0.00	43.85	53.40	57.02	61.00	47.97	52.70	49.96															
43.98	55.83	58.17	41.52	43.93	44.02	47.63	46.46	0.00	41.22	45.83	48.79	53.79	58.26	46.71															
45.77	45.24	42.63	50.73	42.23	42.29	60.19	47.62	45.53	0.00	54.77	43.08	49.68	59.45	44.59															
43.69	54.52	59.07	57.69	48.95	50.46	54.77	44.56	49.75	43.97	0.00	53.62	53.64	49.73	48.83															
50.15	52.43	59.30	44.17	58.35	60.87	44.94	54.80	57.52	56.65	57.79	0.00	42.18	43.69	50.82															
50.14	47.55	49.93	46.78	59.79	59.95	57.72	57.38	54.51	47.10	52.10	53.19	0.00	53.07	56.34															
49.71	46.34	42.19	46.50	42.15	46.44	43.88	53.38	58.76	58.94	54.51	56.75	55.57	0.00	60.42															
46.27	44.76	60.61	42.74	43.05	52.04	59.74	49.35	41.96	46.99	50.98	52.45	45.69	53.21	0.00															
0.00	43.76	59.23	57.36	42.25	52.76	48.31	48.93	56.31	51.92	59.39	46.26	49.24	59.66	46.26															
50.26	0.00	52.10	41.39	60.27	41.72	54.91	56.45	44.31	51.56	60.12	53.78	47.76	44.95	43.77															
45.11	49.85	0.00	47.74	57.12	52.53	48.30	45.63	50.99	58.11	47.52	57.02	47.69	53.17	58.78															
48.13	59.85	58.53	0.00	58.36	60.66	59.45	54.54	45.48	41.74	41.78	60.23	42.47	53.95	41.03															
45.35	42.88	48.17	43.45	0.00	51.68	53.10	52.86	44.14	42.12	42.12	60.02	59.91	44.16	41.15															
55.90	41.36	54.07	53.97	43.29	0.00	60.27	56.28	52.45	54.83	54.60	50.52	42.01	58.26	44.29															
44.98	44.09	60.74	49.66	59.61	53.17	0.00	42.35	41.46	48.12	42.01	51.26	50.97	59.43	53.64															
45.98	45.35	42.45	50.08	48.46	60.68	57.69	0.00	49.85	47.40	57.45	59.83	51.25	47.78	58.06															
45.06	49.52	54.33	49.70	44.28	60.23	51.41	42.24	0.00	51.17	41.01	44.00	44.18	46.14	51.01															
48.76	59.51	54.62	51.11	46.97	41.57	50.50	45.18	42.14	0.00	60.69	53.17	44.43	49.66	54.22															
41.94	55.65	46.83	47.17	48.15	46.53	41.54	55.73	41.90	54.07	0.00	53.58	58.45	52.75	46.21															
57.24	47.03	42.14	46.86	44.19	49.04	43.93	42.04	42.28	58.09	58.06	0.00	58.95	46.27	46.31															
55.41	60.96	47.62	56.15	57.68	57.52	44.64	50.30	52.39	41.68	55.91	53.58	0.00	49.87	46.29															
47.51	59.45	45.70	42.62	50.28	47.66	57.59	51.11	58.71	55.91	57.91	52.53	55.78	0.00	42.93															
49.86	59.36	51.83	60.33	60.75	43.71	60.18	56.97	59.06	43.55	46.47	53.83	59.34	56.37	0.00															
0.00	46.68	58.45	45.55	53.75	57.70	55.12	50.35	44.72	41.26	55.62	44.06	46.66	50.61	57.88															
46.51	0.00	50.24	48.59	46.61	58.53	53.12	52.84	43.60	42.46	59.57	51.84	41.34	55.03	54.51															
58.28	51.36	0.00	42.44	61.00	50.04	53.97	48.86	41.25	54.66	52.44	55.52	52.20	60.24	46.63															
53.18	57.54	59.66	0.00	46.44	45.54	49.40	46.25	41.18	54.23	57.04	42.05	56.99	47.42	47.76															
45.78	54.42	58.16	41.85	0.00	59.63	45.62	42.15	57.69	51.26	55.92	55.21	60.51	51.90	56.44															
51.66	42.40	50.39	53.55	48.78	0.00	48.30	49.18	56.27	52.91	50.13	43.81	53.40	43.40	48.25															
48.03	43.40	55.87	60.10	42.88	57.77	0.00	60.19	43.90	55.47	54.24	50.80	52.33	44.32	51.24															
54.88	52.67	55.83	50.54	52.08	42.47	51.44	0.00	51.34	57.71	42.63	46.28	51.03	55.51	45.18															
51.28	42.07	54.97	50.87	56.32	57.51	50.77	42.02	0.00	50.92	57.59	58.79	45.62	45.18	50.39															
52.33	53.39	47.63	46.58	48.47	46.41	43.61	59.21	48.85	0.00	43.93	58.92	43.78	49.21	41.34															
53.74	47.65	54.87	57.02	56.89	41.05	47.63	60.57	48.85	47.39	0.00	45.70	52.24	43.56	59.52															
56.35	46.70	55.97	45.29	42.67	46.51	54.23	49.72	47.73	46.96	50.37	0.00	43.15	47.61	51.78															
49.63	56.02	60.05	46.91	50.64	48.47	59.96	58.70	41.68	57.90	59.59	44.70	0.00	58.09	45.41															
56.33	45.47	60.96	41.77	45.94	57.00	52.57	55.00	50.94	60.16	42.59	60.58	52.74	0.00	59.92															
43.99	52.83	53.07	55.03	41.49	47.25	54.65	51.03	49.69	52.95	51.80	55.05	51.28	46.29	0.00															
0.00	43.29	48.83	53.10	58.55	59.22	45.66	56.32	55.00	48.66	58.05	42.25	54.57	51.48	48.50															
47.14	0.00	41.79	53.98	48.95	53.10	45.74	44.73	55.92	47.20	56.56	59.55	46.34	51.60	45.63															
58.63	50.83	0.00	44.79	41.53	42.36	49.66	49.11	49.07	59.28	42.77	58.94	57.98	55.87	54.67															
46.60	58.81	44.79	0.00	41.69	47.19	47.76	50.11	57.45	54.49	49.55	53.30	42.41	47.64	43.79															
47.44	56.91	51.46	58.60	0.00	42.36	52.18	44.78	60.06	54.30	50.10	53.43	44.65	42.16	49.73															
57.94	46.14	48.96	57.69	59.05	0.00	54.74	56.40	59.20	46.25	51.66	49.81	42.00	53.46	50.07															
49.78	43.15	55.92	46.79	47.35	48.11	0.00	52.95	59.80	55.70	51.89	41.74	44.30	60.27	50.77															
60.45	56.27	51.70	48.87	57.62	43.84	55.05	0.00	44.02	52.95	60.14	58.69	58.37	47.29	47.42															
41.97	43.26	56.29	53.91	42.07	54.49	52.15	49.76	0.00	55.49	41.29	53.26	56.98	47.63	43.93															
48.46	43.44	45.05	41.77	54.32	45.71	41.08	48.05	60.05	0.00	57.15	43.97	44.36	43.48	47.14															
49.47	53.33	57.51	59.97	42.05	53.85	58.72	46.68	47.39	58.22	0.00	59.42	60.19	48.41	56.49															
60.50	51.50	54.81	53.47	54.39	57.15	48.22	56.16	53.59	48.21	41.59	0.00	53.76	45.17	41.07															
45.56	44.21	56.39	60.17	60.61	58.19	48.06	50.99	58.63	56.37	42.12	43.93	0.00	52.12	56.27															
51.65	58.69	53.52	44.95	56.58	51.27	54.85	50.44	59.85	42.18	58.10	45.33	48.61	0.00	58.43															
53.19	47.53	43.15	52.11	60.15	54.08	47.52	41.50	42.43	48.91	43.89	47.30	41.18	41.68	0.00															
0.00	48.11	46.57	49.08	42.81	46.98	50.34	41.18	57.84	48.53	50.39	57.18	43.01	47.35	50.00															
50.79	0.00	54.84	50.14	52.01	49.80	59.07	45.91	57.37	60.19	51.28	54.21	46.27	48.30	50.02															
59.27	55.68	0.00	58.96	56.22	59.21	57.07	45.71	58.72	60.35	53.82	51.33	55.99	49.60	45.53															
56.13	42.36	45.93	0.00	57.88	44.65	43.82	44.93	58.89	57.07	42.38	53.25	42.19	43.84	58.36															
49.03	42.34	58.44	44.68	0.00	47.00	46.29	55.98	58.47	53.82	49.45	43.25	58.67	44.76	44.92															
50.13	55.31	55.41	43.62	44.29	0.00	52.81	51.77	43.90	42.85	47.93	41.35	42.43	43.71	43.20															
49.32	57.27	57.66	48.62	58.74	57.93	0.00	43.60	42.51	50.32	48.52	56.44	56.74	54.99	57.00															
57.35	51.87	42.63	52.16	59.47	49.13	54.69	0.00	59.17	54.74	53.73	44.49	42.73	45.43	43.52															
56.87	42.73	51.76	43.69	58.47	52.05	56.72	44.81	0.00	57.26	44.40	52.35	56.28	50.28	57.67															
47.53	46.53	51.72	43.03	59.12	53.56	48.94	42.21	59.22	0.00	56.98	44.39	50.05	42.66	51.69															
42.79	59.93	52.94	44.77	48.89	47.15	53.21	56.51	55.58	50.14	0.00	51.92	49.14	47.91	58.91															
47.58	48.67	59.22	52.72	46.62	51.81	45.97	51.60	56.83	56.85	47.82	0.00	42.54	53.32	44.34															
48.78	53.61	46.20	58.23	53.74	55.93	59.40	60.95	52.68	48.80	46.81	43.24	0.00	56.08	54.49															
55.39	45.28	41.98	42.08	56.88	52.52	56.84	53.66	45.30	46.25	45.65	42.53	54.74	0.00	48.03															
45.47	53.38	52.44	58.95	47.49	60.79	53.55	55.21	46.43	54.62	58.35	58.93	56.26	54.54	0.00															
0.00	60.67	54.73	45.38	47.63	58.71	44.92	48.46	53.14	49.97	50.14	60.42	41.84	55.04	53.66															
50.43	0.00	50.75	49.01	48.88	56.50	46.21	51.04	41.25	57.75	60.47	45.30	49.02	48.95	42.94															
59.36	45.63	0.00	41.97	58.54	48.21	41.20	44.78	57.38	52.62	50.11	45.09	60.87	55.07	49.08															
56.30	45.83	43.90	0.00	46.58	41.64	50.41	45.73	46.43	48.57	54.86	44.97	48.59	45.97	57.47															
55.22	52.13	49.89	52.84	0.00	42.16	59.15	60.85	45.69	51.85	51.32	42.31	49.66	50.15	42.44															
45.12	46.34	45.78	54.37	49.84	0.00	48.20	61.00	46.87	49.99	48.29	45.00	43.59	50.64	45.46															
54.23	56.65	41.66	54.64	45.40	50.25	0.00	44.02	43.82	41.94	51.27	41.67	49.97	47.57	59.00															
55.24	42.53	43.74	51.88	46.02	49.68	41.18	0.00	42.06	45.03	51.38	54.05	52.06	43.24	59.73															
58.17	52.66	57.46	55.07	50.19	49.47	42.86	52.67	0.00	48.74	51.26	56.63	49.27	54.68	44.18															
45.04	53.46	60.22	46.09	60.80	45.76	49.18	56.63	51.25	0.00	59.39	43.48	42.17	49.88	50.52															
46.84	46.23	46.04	43.44	41.79	59.79	56.40	47.76	59.28	59.88	0.00	57.85	41.28	58.14	42.18															
50.05	46.97	59.38	57.42	59.42	60.77	42.39	57.24	52.29	57.29	54.51	0.00	46.37	47.59	43.04															
56.33	54.21	46.00	59.76	55.27	47.48	42.71	46.41	41.75	46.90	48.24	48.88	0.00	53.11	45.85															
43.70	59.56	43.22	47.20	59.26	41.72	44.04	58.78	47.64	58.91	53.06	51.06	41.61	0.00	51.07															
50.49	48.04	58.54	54.53	44.83	41.66	47.78	59.06	44.89	52.05	55.35	52.02	53.66	48.99	0.00															
0.00	48.12	46.54	57.44	51.88	49.10	49.90	56.77	56.53	52.33	58.42	54.19	57.88	47.24	60.48															
46.55	0.00	44.04	47.93	46.50	49.88	48.20	58.84	48.22	55.73	49.13	56.66	57.33	57.58	47.49															
47.24	59.88	0.00	42.24	55.85	49.47	48.82	44.72	41.20	42.10	44.06	56.79	55.58	54.65	55.16															
53.84	55.98	52.00	0.00	54.06	53.15	51.09	52.62	57.07	52.09	59.59	60.10	51.42	58.12	48.15															
51.27	51.29	44.54	52.69	0.00	56.07	60.23	58.19	50.91	55.66	42.59	52.02	59.73	43.54	47.22															
55.11	58.54	57.68	44.88	50.58	0.00	60.50	60.59	54.07	45.60	43.00	43.03	59.91	55.44	49.93															
58.23	47.13	44.37	51.01	55.13	60.23	0.00	46.54	52.80	45.60	48.72	56.76	46.06	60.15	42.58															
50.48	42.59	44.58	50.85	59.49	45.88	53.32	0.00	60.44	50.68	44.37	46.66	43.54	50.01	52.77															
53.01	47.68	55.01	60.19	47.95	44.65	48.40	56.68	0.00	49.24	45.19	43.05	54.21	41.29	47.43															
46.44	59.55	47.22	47.81	52.52	47.61	52.60	55.84	41.01	0.00	44.79	58.30	56.12	54.11	57.64															
42.21	50.37	45.66	54.97	43.13	48.51	54.63	41.32	54.60	44.27	0.00	58.67	55.81	57.04	48.44															
59.99	58.72	57.28	48.29	57.13	45.18	46.00	45.75	43.83	52.22	51.76	0.00	56.39	57.14	46.27															
41.31	56.03	49.50	44.49	45.91	43.61	51.04	59.51	56.06	53.65	51.66	47.31	0.00	52.78	55.84															
50.94	51.68	46.22	53.19	44.42	56.16	60.71	44.33	46.70	44.21	54.02	53.24	46.13	0.00	48.74															
44.46	51.95	45.68	41.71	58.93	57.33	57.75	48.96	49.52	41.94	42.57	45.49	44.70	47.71	0.00															
0.00	44.16	55.74	50.29	45.03	43.62	59.56	55.14	59.30	51.78	55.59	51.52	41.49	59.70	49.94															
47.14	0.00	43.11	52.50	52.96	59.15	43.10	51.00	57.00	58.43	51.84	60.03	51.31	58.31	43.35															
45.75	52.15	0.00	50.19	46.96	59.92	45.27	50.54	60.56	47.06	42.53	51.12	58.08	44.18	42.12															
47.71	47.43	59.92	0.00	43.84	60.56	56.12	60.89	47.95	58.69	48.40	50.38	44.66	46.55	46.20															
52.14	52.19	59.45	57.48	0.00	49.87	42.30	54.08	52.95	54.91	59.18	46.71	59.92	48.30	48.06															
41.38	48.43	50.78	46.22	48.58	0.00	41.94	44.82	50.49	58.51	60.01	48.61	56.20	54.57	58.91															
60.59	53.58	49.82	58.90	54.15	57.13	0.00	53.41	55.43	53.43	57.69	43.60	49.53	54.90	60.94															
56.53	58.94	55.90	44.15	43.31	47.70	50.08	0.00	49.04	43.88	51.05	58.45	60.26	60.20	57.44															
41.87	44.18	42.22	47.79	42.48	59.04	47.47	45.26	0.00	41.71	42.43	53.82	56.35	43.41	56.35															
60.87	47.20	58.67	59.21	51.63	42.49	47.74	51.87	46.80	0.00	47.76	41.03	43.57	57.98	44.92															
54.09	48.19	44.77	51.85	45.90	43.07	60.42	45.65	41.58	51.64	0.00	60.33	51.14	46.24	53.22															
42.27	43.76	43.09	46.51	48.46	54.63	53.77	56.97	60.43	55.26	56.86	0.00	59.03	42.20	54.49															
43.10	57.84	59.42	54.73	44.29	60.14	54.71	47.11	52.82	44.65	46.49	59.29	0.00	48.37	47.84															
54.77	50.72	55.20	49.04	42.87	52.87	46.23	56.72	49.67	46.87	43.20	56.98	49.12	0.00	44.84															
43.32	58.56	54.49	43.51	60.13	42.04	53.83	50.41	49.91	48.23	57.34	43.75	53.84	55.62	0.00															
0.00	41.54	49.03	42.71	54.76	47.07	56.06	48.87	42.93	52.75	55.03	60.93	57.77	54.06	57.05															
42.60	0.00	41.53	55.08	48.32	45.41	51.12	55.25	43.56	57.36	44.37	42.06	44.59	50.74	42.60															
45.77	58.94	0.00	54.22	57.15	46.57	53.96	47.60	42.12	57.05	51.00	50.70	43.26	60.81	52.69															
49.07	46.10	42.07	0.00	42.66	56.31	45.51	43.06	42.07	55.64	59.74	57.55	49.48	47.59	43.74															
57.03	60.02	60.37	42.44	0.00	57.36	55.97	58.87	57.42	60.51	55.43	42.32	50.23	50.89	41.53															
55.71	47.29	59.08	43.98	55.36	0.00	57.37	58.00	57.94	58.26	59.57	55.53	41.73	60.70	51.60															
58.42	48.02	44.72	48.55	48.39	59.62	0.00	47.20	49.91	45.80	55.01	46.27	44.64	43.86	53.74															
48.26	55.32	52.32	47.11	44.86	45.92	48.70	0.00	43.20	55.65	50.73	47.57	50.63	47.83	59.96															
46.46	52.23	52.17	53.18	49.44	59.86	49.64	47.10	0.00	60.58	57.30	49.64	57.80	46.12	50.66															
46.80	59.32	54.94	55.30	53.95	41.08	41.53	48.56	46.34	0.00	47.02	41.68	56.04	54.62	45.68															
42.96	47.31	50.13	53.19	52.44	43.64	56.94	60.87	57.95	44.62	0.00	45.61	50.23	43.09	59.89															
53.48	52.11	49.31	45.62	46.66	47.73	55.62	47.49	51.73	48.61	50.55	0.00	46.28	42.20	51.27															
42.02	57.74	43.92	44.07	49.67	60.63	50.39	50.45	50.60	49.30	58.82	41.93	0.00	41.92	49.55															
50.78	59.12	43.64	59.33	43.86	48.55	43.64	44.62	52.85	49.88	49.83	41.07	47.32	0.00	44.83															
49.77	43.84	48.54	59.92	50.85	50.41	42.93	44.79	43.60	41.86	43.69	43.87	46.83	59.50	0.00															
0.00	57.84	50.39	52.83	43.45	44.10	41.63	51.62	44.26	44.28	58.98	51.65	48.30	58.62	50.48															
46.58	0.00	49.30	45.37	46.66	48.45	51.80	44.46	43.59	52.79	41.34	56.35	60.07	58.45	53.04															
44.60	55.50	0.00	47.63	56.18	54.58	47.47	46.43	41.72	59.36	60.41	55.05	48.73	50.85	41.65															
45.12	59.87	56.07	0.00	50.98	45.45	46.06	52.38	43.88	54.17	59.83	43.73	48.54	46.95	41.74															
59.71	41.36	53.77	52.52	0.00	52.79	51.18	42.08	59.08	47.47	52.46	55.30	48.41	46.34	56.61															
48.26	55.18	50.30	48.19	59.33	0.00	53.97	42.97	59.94	56.12	60.24	51.31	56.86	50.62	51.81															
48.45	45.88	48.46	48.83	43.20	51.71	0.00	53.12	59.72	46.98	43.72	41.88	46.19	47.96	41.62															
48.83	50.85	42.31	46.88	43.97	56.52	56.21	0.00	42.54	46.81	52.16	57.25	45.12	46.52	45.75															
52.60	58.34	59.88	42.80	58.67	49.38	45.27	57.72	0.00	42.29	48.68	53.53	55.87	46.04	59.83															
43.80	52.96	53.08	49.83	50.34	60.74	43.22	58.13	42.72	0.00	49.46	42.92	44.34	42.48	47.34															
59.67	60.09	45.39	58.90	43.28	53.18	48.31	43.80	60.07	54.94	0.00	56.02	60.84	56.21	42.94															
51.27	54.01	44.54	58.65	56.50	41.45	52.59	51.14	43.78	45.91	58.85	0.00	50.00	54.29	50.67															
47.88	43.01	57.34	48.71	46.83	44.36	50.96	41.97	57.33	43.15	41.62	52.16	0.00	57.10	53.16															
47.37	48.54	48.50	53.89	53.72	43.08	58.77	54.84	59.15	42.56	42.45	46.76	56.57	0.00	54.75															
46.74	49.67	58.73	42.44	44.15	46.18	46.25	60.78	55.63	44.15	60.63	51.89	41.84	46.91	0.00															
0.00	56.12	41.62	42.63	57.08	48.33	48.31	47.37	49.51	46.92	53.55	41.53	47.47	44.80	60.52															
58.37	0.00	54.88	49.37	48.33	50.18	59.97	45.01	47.47	55.99	51.09	52.49	44.51	59.47	45.17															
55.12	59.22	0.00	48.09	59.80	48.10	44.49	46.64	55.59	49.10	56.08	44.27	55.66	43.08	59.65															
52.09	41.57	53.19	0.00	51.52	51.36	57.96	50.88	47.63	45.78	44.52	57.98	44.90	42.66	45.00															
43.66	58.21	59.26	53.05	0.00	52.27	44.50	44.33	41.78	48.42	51.03	54.32	51.21	60.51	54.03															
48.02	53.47	59.27	60.79	54.50	0.00	44.00	51.90	45.46	45.14	42.77	58.38	55.57	58.48	54.49															
60.64	42.74	52.23	43.94	48.83	45.96	0.00	58.23	42.02	51.80	54.92	46.91	45.40	53.84	49.90															
44.76	56.55	52.81	56.56	59.05	44.98	45.79	0.00	56.94	60.36	41.13	42.30	59.02	57.66	57.77															
48.14	41.01	43.03	54.12	49.58	44.30	60.61	49.46	0.00	41.06	49.14	53.57	42.61	48.71	50.03															
41.09	42.34	55.52	57.07	52.63	51.49	56.06	42.34	56.45	0.00	57.26	54.36	53.99	41.91	58.25															
41.82	49.98	48.35	41.82	56.21	45.93	51.75	46.45	43.86	55.05	0.00	44.88	42.31	44.78	48.15															
46.16	41.60	52.49	47.35	55.54	52.79	51.89	41.41	43.30	48.92	60.41	0.00	54.60	59.92	47.12															
52.76	57.30	51.13	60.00	58.54	53.59	57.81	59.01	53.13	58.83	55.95	55.29	0.00	47.89	47.49															
46.73	58.41	50.61	56.33	59.39	41.47	57.64	50.13	54.10	59.30	57.81	53.04	46.96	0.00	59.60															
54.63	53.80	52.83	42.19	52.15	57.96	42.03	49.60	54.91	42.78	52.84	46.10	51.47	53.99	0.00															
0.00	43.04	49.39	52.59	51.72	48.95	55.22	48.68	47.55	42.74	50.12	49.45	47.58	49.32	42.58															
43.18	0.00	46.36	44.61	44.05	44.17	44.40	46.08	44.70	44.84	50.07	54.62	58.03	58.88	55.91															
54.02	51.11	0.00	48.74	51.66	50.53	47.44	48.75	60.20	50.94	55.83	57.21	49.70	51.49	45.98															
52.29	58.42	52.58	0.00	44.27	60.43	47.03	42.52	60.70	44.22	55.00	43.28	58.58	50.98	51.11															
55.11	41.10	58.52	60.08	0.00	46.78	44.17	53.17	47.42	48.83	48.14	59.13	44.58	57.42	60.14															
43.88	54.24	52.68	44.52	53.43	0.00	53.65	51.63	56.05	50.74	47.31	45.85	49.23	42.10	51.43															
57.41	53.43	43.33	51.71	58.87	43.26	0.00	46.07	46.19	53.16	46.55	50.71	46.17	51.75	48.44															
41.37	54.59	53.20	48.84	57.05	41.55	45.25	0.00	51.45	55.26	44.46	55.89	51.77	51.55	41.32															
42.89	60.49	50.20	60.03	43.83	45.46	55.67	42.66	0.00	53.80	56.88	48.42	41.69	43.14	46.58															
58.31	52.64	56.74	42.85	49.45	45.90	52.96	43.85	52.53	0.00	50.14	57.85	45.29	47.57	55.16															
49.85	48.62	52.77	54.31	55.52	45.30	56.77	45.32	42.69	58.97	0.00	42.15	59.47	48.76	51.17															
48.53	54.88	42.90	48.34	54.43	58.66	41.44	59.09	58.14	52.22	51.75	0.00	47.12	47.10	42.76															
59.51	47.67	43.17	60.33	46.78	49.91	43.62	44.01	47.76	55.08	43.05	54.74	0.00	57.28	41.78															
51.30	59.55	58.31	45.62	44.29	49.35	56.69	56.55	55.41	42.79	45.17	51.99	51.01	0.00	52.56															
46.28	60.19	53.12	49.75	47.44	49.46	41.34	53.61	42.39	46.42	46.32	59.06	44.96	45.83	0.00															
0.00	44.29	60.65	52.16	43.22	48.96	48.51	49.16	52.87	48.78	41.74	55.86	47.24	52.19	51.79															
53.66	0.00	54.85	45.14	46.06	56.89	47.14	44.19	54.62	53.66	44.36	51.19	47.45	58.78	44.68															
59.79	51.96	0.00	59.01	51.85	51.94	57.86	51.97	58.27	58.36	48.70	52.23	55.69	48.39	60.68															
47.62	41.54	41.10	0.00	57.24	52.61	59.32	47.74	52.87	45.80	57.46	57.42	60.10	60.31	50.83															
47.21	45.28	41.60	53.44	0.00	49.32	57.75	46.71	44.62	59.76	53.77	42.78	50.27	56.62	44.27															
54.72	51.65	45.36	54.17	52.54	0.00	50.01	43.15	42.19	45.90	45.75	46.93	47.52	51.89	54.85															
55.94	54.55	46.55	49.23	47.76	44.86	0.00	57.78	47.61	49.59	55.67	48.29	41.14	52.54	44.75															
49.87	55.38	60.03	43.25	53.56	58.04	52.83	0.00	45.81	48.23	48.54	57.42	54.92	46.14	55.36															
56.03	58.84	44.03	54.95	45.83	53.36	55.69	45.67	0.00	52.28	50.74	52.70	43.38	44.95	48.59															
49.13	47.31	42.27	46.09	48.12	57.37	42.40	47.85	56.07	0.00	42.74	52.00	53.92	46.17	54.54															
42.48	58.55	59.26	41.32	51.41	56.08	57.34	57.33	44.88	50.34	0.00	51.39	56.85	51.24	51.86															
45.44	48.58	58.05	49.14	58.99	60.43	58.25	44.59	53.65	46.03	43.54	0.00	41.04	49.49	50.08															
47.85	45.93	58.94	41.14	46.78	49.70	49.14	51.89	42.40	50.07	54.75	56.14	0.00	43.16	45.01															
53.81	47.16	43.32	48.14	60.03	44.73	47.76	53.12	44.26	50.12	43.20	44.41	56.61	0.00	49.77															
43.11	59.46	58.44	58.47	48.45	48.51	45.86	56.79	59.03	56.32	53.46	44.87	55.66	48.46	0.00															
0.00	45.33	41.27	44.60	50.71	59.82	41.17	41.81	49.17	56.46	55.71	54.00	50.24	57.33	48.00															
54.30	0.00	42.80	44.53	44.79	58.06	43.76	57.78	54.45	56.83	46.03	58.04	51.34	50.18	56.57															
51.31	43.21	0.00	45.08	52.67	51.87	55.62	54.43	55.34	60.39	60.62	46.82	51.64	49.50	52.94															
57.09	59.47	55.96	0.00	48.88	44.27	50.01	42.52	43.93	59.18	54.32	60.10	52.12	45.56	58.40															
55.28	55.78	41.91	41.89	0.00	50.21	41.37	43.71	56.36	59.31	42.96	60.03	52.63	57.19	42.46															
52.46	57.54	49.04	57.91	59.04	0.00	41.61	60.36	60.70	44.13	60.73	56.16	53.41	57.22	58.21															
57.49	44.16	53.84	50.62	52.93	43.98	0.00	54.66	57.97	44.93	55.93	46.50	57.12	57.24	54.24															
43.84	49.76	58.74	43.13	51.60	52.22	52.17	0.00	42.46	50.57	47.73	49.71	54.52	56.36	59.86															
41.74	41.09	47.79	50.25	44.21	47.96	52.61	54.43	0.00	60.33	44.69	60.38	51.19	56.90	58.05															
46.94	59.81	46.45	43.76	48.69	48.56	57.51	41.13	42.37	0.00	46.31	45.78	59.11	49.42	45.20															
46.62	54.25	53.71	44.83	55.46	46.09	46.38	58.52	59.20	50.80	0.00	56.58	50.52	41.53	52.39															
51.99	57.91	42.39	57.84	58.44	48.44	51.00	50.08	45.73	54.27	50.43	0.00	56.22	50.18	53.71															
42.45	59.08	44.63	44.42	46.05	52.74	41.27	46.00	47.39	60.03	60.55	60.94	0.00	44.12	43.50															
52.28	50.63	60.28	45.98	54.73	49.10	60.97	60.59	49.25	51.63	59.67	57.50	47.44	0.00	50.79															
55.17	44.97	47.56	43.78	42.51	59.77	58.08	58.11	47.21	52.10	50.37	55.74	57.80	42.23	0.00															
0.00	60.14	46.37	60.47	55.29	59.05	51.52	49.09	45.75	57.47	59.93	54.29	50.64	52.80	52.86															
42.59	0.00	59.96	49.48	42.42	58.04	55.74	44.73	47.96	53.76	51.04	47.48	50.97	56.57	45.77															
52.53	52.64	0.00	60.52	48.16	46.43	53.70	50.88	60.10	58.36	50.28	48.10	41.52	46.69	44.40															
47.59	47.67	58.65	0.00	43.28	57.79	50.09	53.35	46.18	59.72	59.99	43.48	50.51	49.98	46.41															
42.43	54.84	45.79	51.57	0.00	50.54	54.73	53.36	41.96	55.44	58.13	57.43	44.07	55.43	53.41															
59.62	44.11	56.73	45.22	57.96	0.00	57.48	59.50	54.26	60.03	49.03	54.44	52.83	52.67	48.84															
45.54	46.51	42.19	46.87	53.25	48.87	0.00	47.68	57.02	45.57	53.32	51.64	57.36	60.59	56.56															
52.90	56.73	51.36	42.86	56.26	49.91	59.37	0.00	51.91	43.53	56.51	56.60	51.39	41.88	43.06															
43.31	51.41	46.90	45.37	44.19	43.48	55.38	41.16	0.00	52.35	54.84	57.38	50.06	56.47	55.56															
43.58	41.46	49.48	41.26	42.18	46.40	47.95	47.62	58.30	0.00	53.09	42.52	49.64	59.81	42.92															
46.03	51.63	60.48	43.58	44.14	58.45	50.31	45.93	56.04	52.27	0.00	54.93	45.69	54.07	47.88															
50.45	43.12	41.78	49.84	60.81	58.04	42.57	53.05	50.04	45.08	52.19	0.00	45.20	58.80	57.57															
49.21	45.65	42.12	49.84	45.73	60.47	53.35	59.90	52.22	43.67	53.78	48.19	0.00	49.57	42.85															
45.19	60.27	49.10	59.73	48.80	48.69	47.34	46.14	54.41	52.22	52.92	56.61	42.29	0.00	46.91															
43.21	58.11	52.81	42.85	58.10	52.13	60.93	49.14	53.68	54.10	59.51	58.38	50.22	53.11	0.00															
0.00	57.95	60.90	46.64	53.95	54.50	44.74	46.04	49.38	44.50	52.07	42.90	43.79	51.37	59.41															
47.98	0.00	59.75	56.36	48.03	49.61	51.05	50.27	47.97	56.55	56.37	58.39	56.51	57.04	48.11															
55.94	51.22	0.00	52.74	46.05	41.25	47.17	47.36	46.62	58.41	45.96	44.12	54.13	55.94	58.23															
41.81	44.64	45.75	0.00	48.93	55.70	43.31	52.03	42.46	41.88	56.57	50.38	49.15	43.98	59.79															
48.50	54.17	49.63	58.13	0.00	53.33	60.66	45.32	54.02	47.69	55.99	58.36	47.62	55.35	56.39															
41.32	47.39	59.07	52.02	49.36	0.00	41.66	55.13	57.26	52.13	48.54	60.18	48.54	49.88	44.61															
57.97	42.15	50.17	58.67	48.15	42.59	0.00	50.03	44.79	53.40	57.65	43.50	43.02	61.00	52.40															
42.38	46.27	44.77	54.23	42.34	50.95	44.09	0.00	51.39	53.12	53.56	52.92	48.76	54.51	45.03															
58.53	58.11	56.92	43.78	60.85	51.98	45.72	44.07	0.00	57.96	49.55	56.07	48.15	60.95	53.26															
57.37	50.38	56.40	59.00	59.18	49.31	46.18	41.79	59.97	0.00	59.76	49.77	57.18	50.58	50.73															
50.78	42.18	51.98	45.65	49.68	43.86	58.29	45.99	45.72	52.59	0.00	44.32	44.64	57.91	41.41															
57.83	47.72	44.49	41.25	46.52	42.96	55.33	57.73	53.70	58.60	52.56	0.00	49.84	47.00	44.13															
54.29	52.79	59.15	56.37	50.67	54.91	60.95	43.38	54.03	42.10	52.33	49.63	0.00	45.23	46.24															
41.26	51.84	49.57	57.57	52.49	44.73	47.04	45.82	55.43	55.14	46.56	47.18	55.78	0.00	59.02															
54.01	55.98	45.97	44.13	45.18	45.93	55.37	41.74	57.33	43.46	44.94	54.53	43.54	59.71	0.00															
0.00	42.14	56.97	51.73	54.19	54.77	60.20	43.45	59.25	46.40	43.72	46.65	43.27	43.13	54.24															
46.45	0.00	57.37	54.26	47.77	43.89	56.00	42.75	54.40	50.76	58.20	53.94	46.04	49.87	47.73															
48.23	48.06	0.00	47.70	54.52	44.85	52.91	53.04	54.64	60.36	56.91	42.41	57.08	51.83	52.69															
59.89	47.32	56.84	0.00	44.36	59.57	59.09	45.07	52.95	54.84	45.54	49.87	41.27	53.80	57.30															
46.15	45.43	58.00	51.25	0.00	47.35	54.92	59.02	57.89	49.85	53.88	59.89	47.59	46.16	47.58															
44.75	49.46	58.46	43.16	53.96	0.00	41.51	44.15	45.37	60.37	42.94	59.21	51.87	60.95	59.20															
48.10	60.38	53.86	45.56	53.96	46.19	0.00	47.89	60.90	55.15	45.54	42.04	59.12	56.89	56.71															
59.18	49.74	56.06	53.35	44.07	60.17	57.92	0.00	43.29	51.75	58.06	54.73	56.32	58.46	42.85															
46.24	51.92	41.83	56.89	46.18	48.70	55.48	58.98	0.00	42.15	45.97	47.61	47.52	51.38	41.30															
60.54	44.91	58.45	43.77	58.00	52.15	42.49	47.19	49.58	0.00	56.22	42.81	59.56	43.97	51.32															
51.46	44.30	42.18	42.04	58.58	42.05	54.60	53.05	50.28	44.72	0.00	54.09	50.44	59.65	44.63															
52.67	46.98	51.98	53.41	44.91	42.74	55.11	57.99	53.23	42.01	57.93	0.00	53.84	50.15	57.30															
57.51	48.03	45.52	49.57	43.40	43.97	41.47	58.63	52.04	51.40	42.90	56.07	0.00	60.42	59.08															
60.27	49.30	52.80	57.59	52.31	44.75	53.33	57.50	51.58	42.05	60.56	43.39	49.00	0.00	53.42															
50.21	41.04	51.36	54.14	53.28	52.49	44.16	47.65	51.68	50.86	58.51	53.19	59.59	53.43	0.00															
0.00	53.32	52.03	47.95	48.59	59.09	57.01	53.79	47.86	55.03	44.07	59.31	47.94	56.91	51.31															
47.36	0.00	52.14	48.56	58.06	58.12	41.71	41.60	53.14	45.69	60.08	51.97	54.20	60.17	54.92															
50.84	51.48	0.00	52.90	47.22	52.79	46.04	45.71	60.29	56.55	47.41	44.05	56.63	43.53	56.93															
47.28	41.56	45.00	0.00	43.70	46.60	57.07	54.51	60.29	53.76	42.11	47.55	60.13	57.23	42.90															
49.31	56.35	45.95	54.99	0.00	49.28	45.98	45.52	49.01	50.75	46.72	46.99	57.76	48.82	46.98															
51.13	49.42	55.28	59.60	42.97	0.00	43.74	52.46	57.16	51.78	55.90	56.03	54.79	45.74	51.77															
54.29	55.22	43.44	57.16	43.15	58.91	0.00	45.39	59.32	46.70	50.81	52.25	59.66	57.67	45.54															
59.45	51.37	54.67	50.45	50.94	42.97	59.85	0.00	44.93	55.93	51.84	51.25	41.64	49.26	44.10															
55.39	41.73	44.25	55.44	48.70	48.56	50.90	56.66	0.00	47.81	53.58	43.34	59.51	41.54	51.52															
51.41	58.77	41.72	47.76	45.08	57.45	53.92	50.37	58.46	0.00	44.06	59.65	42.59	45.17	42.38															
45.79	58.72	60.82	59.54	55.79	56.75	59.88	42.27	43.61	45.25	0.00	51.49	42.54	54.52	45.69															
53.41	48.66	50.12	43.92	60.74	43.24	51.49	58.40	60.32	59.52	41.38	0.00	52.00	49.01	51.55															
45.01	45.21	58.90	48.57	56.16	48.97	60.09	47.55	52.73	43.27	50.63	41.26	0.00	47.59	42.34															
48.19	54.89	56.98	51.30	59.00	56.56	42.31	44.91	53.77	55.68	53.38	58.49	44.03	0.00	52.05															
47.86	58.49	44.50	45.38	46.15	41.55	44.89	43.35	60.00	59.10	45.05	52.54	49.23	58.13	0.00															
0.00	53.24	53.53	55.12	45.18	41.52	45.20	41.02	60.16	53.70	41.81	57.65	46.28	41.73	53.69															
60.94	0.00	43.44	59.21	42.25	42.42	48.12	47.67	46.29	51.79	49.26	41.38	46.82	59.12	60.64															
44.05	47.35	0.00	57.54	51.77	44.26	49.12	49.04	46.79	59.87	53.36	46.40	52.65	60.08	53.22															
58.96	51.94	41.85	0.00	58.91	60.15	44.56	52.91	56.63	52.02	58.71	42.68	57.67	44.43	50.77															
41.17	45.52	42.51	41.75	0.00	43.17	50.70	55.51	55.25	48.35	46.00	47.91	60.00	44.36	41.94															
49.47	53.16	59.14	48.16	47.16	0.00	60.67	42.11	41.85	56.46	52.55	54.10	52.93	55.10	48.38															
49.34	49.57	59.80	44.92	46.02	46.07	0.00	59.18	60.07	48.73	41.97	42.68	44.19	44.22	59.67															
41.47	55.23	60.13	51.26	47.63	41.18	46.41	0.00	51.81	59.12	56.65	44.62	60.10	59.76	60.32															
59.06	44.30	49.91	57.37	54.54	58.39	55.75	49.20	0.00	42.41	55.01	56.29	59.01	52.03	49.68															
59.85	52.47	47.53	58.15	41.14	55.77	52.84	54.84	54.98	0.00	47.03	53.35	43.99	50.20	45.36															
44.87	50.44	52.93	52.72	52.82	57.34	49.25	43.57	50.42	60.25	0.00	47.26	54.15	59.82	41.68															
50.38	56.86	58.49	53.93	53.48	52.77	41.16	47.20	52.56	58.97	49.61	0.00	49.60	42.85	60.68															
42.48	58.34	43.06	60.29	43.86	44.09	47.40	59.11	44.93	49.89	46.22	51.07	0.00	56.20	54.04															
55.06	54.94	48.19	43.66	55.37	41.16	49.53	48.52	52.90	60.98	43.70	53.68	55.71	0.00	56.96															
41.72	51.52	48.11	49.53	58.93	51.54	51.50	42.97	59.60	56.41	42.55	52.46	41.99	43.89	0.00															
0.00	50.58	43.24	49.48	46.16	45.51	43.85	60.85	50.44	53.27	56.76	43.51	53.05	54.72	50.95															
59.23	0.00	47.71	57.83	46.36	53.22	59.94	60.04	56.20	41.90	45.73	48.98	54.47	42.61	52.68															
51.00	47.04	0.00	50.92	53.85	48.07	49.04	42.23	53.95	60.61	44.22	54.68	53.49	51.02	49.84															
44.03	51.12	49.25	0.00	51.87	52.20	44.74	52.65	45.48	59.12	51.23	44.69	48.57	60.27	54.93															
49.12	46.52	57.38	45.63	0.00	48.78	51.45	48.36	49.32	57.27	59.25	51.80	52.20	41.28	58.69															
58.44	56.38	45.65	52.99	46.80	0.00	49.45	47.23	51.73	47.51	42.50	43.09	46.43	48.31	41.27															
47.21	54.77	49.86	57.33	49.92	50.99	0.00	42.69	60.92	54.15	43.20	58.50	44.84	42.91	49.85															
55.67	50.60	42.37	58.71	54.78	60.21	44.47	0.00	54.78	42.27	51.61	55.54	49.80	43.52	55.13															
44.01	55.19	58.70	50.77	43.57	53.61	60.08	41.23	0.00	41.35	45.09	47.86	51.99	52.14	57.61															
55.22	54.93	54.76	44.90	56.91	42.14	44.63	42.25	50.32	0.00	46.07	44.75	52.74	58.72	48.13															
50.25	44.57	57.56	43.55	47.04	59.54	42.83	49.46	49.92	51.97	0.00	54.63	46.00	51.38	50.30															
60.86	46.99	44.77	60.39	58.68	45.45	57.76	51.48	51.59	46.24	46.30	0.00	46.53	56.99	42.19															
58.17	55.96	59.32	46.74	59.63	44.58	59.61	54.10	57.15	44.99	53.34	52.05	0.00	58.12	53.69															
47.99	42.86	53.35	44.62	57.83	56.28	49.25	41.85	57.60	51.05	56.07	42.38	46.57	0.00	41.39															
50.45	49.32	43.18	52.41	44.96	55.57	57.98	43.45	60.08	44.33	56.83	58.83	43.99	46.98	0.00															
31250	31250	31250	31250	31250	31250	31250	31250	31250	31250	31250	31250	31250	31250	31250	31250	31250	31250	31250	31250										
7																													
8																													
8																													
8																													
8																													
6																													
7																													
5																													
7																													
6																													
10																													
7																													
9																													
10																													
10																													
7																													
