109	89	104	92	118	99	104	118	103	122	88	104	100	92	108	97	106	110	105	104
127	102	93	99	97	103	90	115	88	105	85	105	105	107	100	109	87	116	91	100
102	88	102	93	97	88	111	106	102	103	104	98	105	103	88	88	104	88	109	89
112	114	99	107	103	89	105	99	99	91	106	79	83	87	93	106	109	108	112	96
103	107	98	96	89	103	102	121	118	111	109	88	96	110	103	95	88	102	94	101
121	108	97	92	108	92	93	97	94	102	115	109	107	104	82	93	88	101	104	87
109	83	98	103	96	105	106	101	97	86	86	93	95	95	92	93	96	109	96	117
114	83	77	108	90	88	82	94	110	90	114	112	95	88	96	104	98	99	84	112
104	87	94	101	97	100	89	92	114	101	109	105	113	108	91	85	106	111	82	102
94	93	91	113	118	100	80	80	98	95	105	101	96	86	94	108	118	95	92	86
27	28	30	28	20	25	20	32	27	42	29	27	35	39	21	26	29	23	41	22
37	38	28	43	24	33	33	42	29	32	30	33	30	40	23	33	25	36	33	30
24	24	29	24	25	24	25	32	31	23	29	27	34	27	39	26	37	39	28	34
32	41	29	37	23	28	34	38	27	21	21	37	22	26	28	29	35	33	28	33
28	22	38	37	33	31	27	40	28	34	25	19	35	25	37	33	33	26	38	25
38	28	33	31	35	36	25	25	27	32	26	36	31	34	30	26	22	32	35	34
28	16	29	20	24	24	26	28	25	26	26	26	32	26	23	32	27	24	25	31
28	27	31	38	30	22	14	22	35	35	28	31	35	25	29	28	38	36	31	27
31	21	37	32	37	35	31	25	31	19	31	31	35	20	30	30	35	19	32	29
25	31	32	30	28	33	24	39	16	24	28	33	29	36	32	26	35	20	37	39
2.13	2.52	3.49	2.60	2.22	2.90	3.11	3.37	2.28	2.80	2.14	3.35	2.44	3.32	3.35	3.11	3.02	3.06	2.79	2.62
2.18	2.90	2.01	3.40	3.04	3.48	2.55	2.64	2.22	2.83	2.16	2.52	2.69	2.45	2.83	2.14	2.59	2.14	2.87	2.93
2.44	2.27	2.22	3.02	2.62	2.95	3.12	3.28	2.38	2.52	2.74	2.61	2.77	3.08	2.42	2.56	2.25	2.79	2.86	2.91
3.16	2.61	2.07	2.53	2.16	2.68	2.67	2.85	2.28	2.04	2.10	2.09	2.05	2.37	3.06	2.03	3.22	3.46	3.06	3.37
3.14	2.12	2.06	3.28	3.00	2.24	2.29	3.07	2.33	2.20	2.05	2.31	2.62	3.25	3.41	2.47	3.08	3.37	2.65	3.06
2.08	3.41	3.18	2.09	2.81	2.45	2.79	2.67	2.50	2.82	2.71	3.48	2.97	3.02	2.01	2.05	2.41	2.98	2.91	2.31
3.00	2.70	2.88	2.67	2.48	2.21	2.01	2.94	3.17	3.12	3.33	2.94	2.11	2.93	2.67	3.09	2.28	2.79	2.37	2.62
2.49	2.67	3.43	2.01	2.77	2.96	3.39	2.33	2.35	2.22	2.40	2.85	2.09	2.25	2.58	3.28	3.18	2.80	2.89	2.35
2.35	3.06	3.39	2.61	3.20	2.34	3.12	2.33	2.57	3.35	2.51	2.26	2.10	3.12	2.28	2.10	2.13	3.03	2.01	2.26
2.07	2.25	3.32	2.76	2.36	3.37	2.59	3.02	2.44	2.97	2.45	2.66	3.33	3.16	2.64	2.55	2.04	3.08	2.12	3.03
1.30	2.57	1.52	2.42	1.52	1.45	2.84	1.40	1.28	1.07	1.43	1.90	2.60	1.30	1.83	1.90	1.96	1.44	2.40	2.72
1.47	2.82	1.81	3.00	2.88	1.90	1.52	1.05	1.11	1.80	2.96	1.38	1.81	2.14	2.95	2.75	2.87	1.22	2.34	1.13
1.79	2.58	1.74	1.82	2.66	1.55	2.43	2.16	1.00	2.67	1.23	2.72	2.05	2.24	1.11	1.33	2.42	1.10	2.92	1.71
2.03	1.82	2.89	1.08	2.92	2.52	2.62	1.58	2.26	2.04	2.49	2.80	2.64	1.66	1.06	1.78	1.57	1.18	2.42	1.78
3.00	1.93	2.23	2.24	1.70	2.34	2.84	1.43	2.49	2.96	2.71	2.05	2.06	2.46	1.35	1.54	1.06	1.17	1.41	1.85
2.64	2.43	1.71	2.38	2.95	1.57	2.35	1.75	1.12	1.39	1.84	1.59	2.17	1.08	2.10	1.89	2.42	1.44	1.82	1.86
1.07	1.51	2.29	1.95	1.95	2.43	1.25	2.13	2.07	2.13	1.99	1.76	1.03	1.91	2.91	1.23	2.40	2.63	1.61	2.64
1.17	1.58	2.39	2.47	2.10	2.08	2.57	1.39	1.22	1.70	2.83	1.58	2.54	2.08	2.51	1.59	2.72	2.98	2.82	2.58
1.55	1.56	2.87	2.38	1.63	1.30	2.71	2.17	1.34	1.02	2.89	1.27	1.51	2.50	1.98	2.46	2.85	2.17	1.44	1.53
2.56	1.37	1.75	1.62	2.30	2.24	2.52	1.19	2.59	1.05	2.35	1.83	2.93	2.53	2.04	1.55	2.26	1.69	1.34	2.08
23.78	13.64	24.17	21.45	14.41	10.48	17.29	19.07	10.63	18.13	24.53	21.71	10.23	14.20	15.76	23.60	20.68	18.51	15.11	22.55
18.80	13.25	24.76	12.36	18.17	21.30	14.76	12.60	17.94	18.86	21.81	21.42	24.90	12.89	14.62	15.34	18.61	23.79	21.42	19.13
21.10	24.59	16.88	14.55	16.73	24.43	15.45	23.24	21.94	10.77	13.44	17.35	20.31	22.56	21.77	21.26	12.00	15.41	24.44	18.53
15.89	21.92	15.76	16.00	10.80	16.03	13.23	21.95	21.95	24.11	23.81	16.10	11.65	13.78	20.79	17.23	17.74	20.48	14.60	12.70
18.48	11.96	19.55	18.52	24.07	21.24	23.06	18.92	24.88	22.42	21.36	18.91	11.01	11.09	21.50	23.72	14.20	21.34	17.09	10.56
16.65	23.55	10.37	11.27	15.33	19.88	10.95	18.44	16.43	17.25	11.75	20.44	17.93	11.17	15.08	13.21	24.93	17.21	15.07	17.44
24.27	14.78	18.84	23.90	15.76	21.24	24.69	14.73	17.63	24.44	14.69	23.74	16.05	24.60	21.51	19.04	18.44	24.50	21.84	16.25
23.40	11.49	17.19	20.61	20.84	24.90	15.47	13.58	22.15	24.41	14.45	10.48	24.82	15.29	23.97	15.77	17.89	13.10	20.92	15.50
24.56	16.09	13.74	16.99	12.89	20.52	24.17	11.84	21.20	13.87	11.96	11.42	21.16	19.74	11.81	23.16	10.24	14.64	18.01	15.47
17.95	20.66	14.83	22.01	12.84	20.86	14.64	18.78	20.95	17.98	18.01	12.76	13.45	11.61	23.25	12.04	24.91	13.97	12.22	17.25
5.19	14.76	9.33	9.60	11.15	7.01	14.15	11.30	7.17	13.01	8.09	13.19	5.87	8.26	14.37	7.74	13.47	6.43	8.49	10.67
12.92	12.81	14.00	12.25	13.04	5.52	8.22	6.82	11.71	6.29	10.96	8.04	8.61	8.58	11.74	8.76	14.49	9.08	10.23	8.11
14.43	9.64	12.27	9.45	10.41	8.50	11.57	9.31	9.77	5.02	9.22	9.94	11.07	12.72	5.06	11.57	14.21	7.29	11.52	11.82
8.88	10.26	13.70	8.82	11.55	11.61	11.07	12.84	8.46	8.78	13.85	14.39	13.37	11.91	7.50	6.13	6.41	6.77	9.53	10.47
7.70	5.50	14.01	11.00	11.62	9.01	14.97	13.51	9.61	5.65	12.47	9.42	12.32	14.68	5.04	6.64	8.70	7.10	14.45	13.04
9.29	5.64	5.11	6.10	5.32	14.14	10.72	10.65	7.73	12.22	5.42	8.59	8.60	7.84	5.47	7.70	14.50	10.98	13.81	13.30
8.73	14.26	10.65	6.89	11.24	9.89	5.95	11.74	5.18	5.28	8.84	9.60	10.40	8.80	13.69	14.78	7.79	11.14	11.18	9.72
8.77	11.68	12.36	6.09	8.52	14.44	5.05	5.99	7.13	9.08	7.67	12.09	5.33	7.15	10.67	10.32	11.18	11.17	6.60	10.26
10.84	10.87	6.24	12.26	10.98	8.26	6.38	12.85	5.40	6.72	11.71	10.69	5.92	14.87	12.21	9.05	8.07	6.03	11.92	6.87
11.08	6.89	7.49	14.64	8.04	5.22	8.25	13.38	5.58	5.69	7.64	13.87	12.31	9.53	8.07	7.38	12.53	11.84	5.34	6.13
15.39	21.55	23.04	18.72	17.14	23.09	22.86	20.19	18.36	22.76	22.82	15.88	17.87	23.03	15.85	23.49	23.49	22.65	19.03	23.67
17.70	18.46	22.13	19.42	22.52	20.30	22.25	16.39	17.40	15.37	19.85	16.54	16.03	21.70	19.56	21.35	20.46	21.53	23.65	20.87
17.33	17.90	16.27	18.38	21.55	20.07	15.53	16.47	24.45	19.89	16.27	22.29	17.96	21.49	22.83	20.63	19.27	18.74	21.97	20.78
24.99	20.44	16.78	18.07	17.87	24.05	18.25	15.92	18.71	21.93	20.61	20.52	24.14	22.62	19.63	19.76	18.56	15.83	19.36	15.60
23.94	19.10	17.10	15.36	22.79	17.69	18.12	15.37	18.52	20.02	15.33	18.79	16.57	21.05	23.52	17.99	17.01	23.92	21.27	23.16
17.44	22.27	17.97	23.82	23.03	21.10	21.24	16.34	21.55	19.18	24.38	19.40	16.94	23.62	21.70	19.46	19.59	18.47	23.63	20.72
23.07	16.97	23.85	15.95	23.25	22.77	24.24	17.43	24.26	18.66	17.70	23.03	23.92	24.74	18.92	22.47	24.70	17.37	22.45	22.31
20.10	21.77	18.83	22.61	21.56	15.55	19.65	20.78	23.80	15.65	19.37	19.30	22.66	19.30	19.71	15.52	23.26	17.70	15.40	18.20
21.08	15.22	21.46	16.41	19.53	19.77	18.59	20.69	17.51	23.28	20.86	19.76	19.21	21.04	15.86	18.73	23.18	18.57	18.12	21.29
24.50	15.36	23.19	17.80	15.19	17.80	19.54	23.73	24.44	17.72	24.99	22.96	15.90	16.38	18.34	21.87	23.78	20.64	24.58	16.43
0.00	88.24	73.00	83.12	99.84	76.15	67.16	98.82	72.87	84.04										
95.97	0.00	85.31	61.00	59.31	93.84	58.54	72.42	62.38	69.34										
69.30	57.45	0.00	58.11	59.46	88.47	77.38	87.66	89.33	90.17										
87.45	83.48	75.03	0.00	94.94	67.66	76.77	56.01	96.27	60.54										
71.56	81.01	55.36	94.26	0.00	68.87	79.55	59.27	80.26	65.12										
93.14	81.95	75.92	73.49	78.00	0.00	88.18	78.66	60.94	59.60										
95.15	97.78	74.60	75.06	89.74	78.55	0.00	81.94	71.12	62.50										
75.64	64.45	68.47	87.30	72.82	66.68	79.10	0.00	77.17	93.79										
61.60	88.11	76.56	59.04	58.60	56.72	96.13	76.74	0.00	98.26										
69.97	60.88	95.24	91.01	61.66	80.86	84.14	79.81	94.84	0.00										
0.00	96.85	81.97	82.98	64.05	79.68	70.75	84.68	87.10	82.68										
66.74	0.00	86.37	65.58	89.69	61.31	79.38	63.05	57.18	93.02										
90.59	83.91	0.00	63.89	62.70	79.13	70.47	70.33	76.63	76.06										
68.69	98.13	89.77	0.00	79.84	66.61	81.70	96.85	93.34	66.48										
96.31	67.15	80.10	77.12	0.00	98.30	80.94	84.56	90.88	64.46										
86.93	75.03	75.86	58.46	96.47	0.00	67.96	87.73	91.15	99.38										
98.42	76.99	81.15	58.55	58.25	81.59	0.00	66.51	97.35	92.82										
66.82	71.52	58.14	84.17	85.85	84.45	96.97	0.00	86.07	97.37										
98.22	75.27	55.33	70.48	76.37	97.24	73.85	60.98	0.00	82.35										
91.63	81.51	61.50	91.83	56.13	92.99	57.30	66.65	74.20	0.00										
0.00	76.05	81.77	95.32	88.80	82.94	68.15	56.33	58.46	72.48										
55.94	0.00	77.89	64.39	80.91	62.66	67.49	56.55	92.58	81.09										
86.84	83.80	0.00	67.87	61.10	98.30	99.40	89.19	81.50	56.02										
88.65	99.13	62.46	0.00	68.13	74.27	87.99	63.69	65.24	66.08										
72.80	88.96	89.97	68.12	0.00	84.44	79.61	77.65	72.63	60.03										
68.23	64.85	83.88	55.53	75.91	0.00	69.36	82.09	59.43	67.78										
94.22	68.80	84.70	77.97	73.56	98.26	0.00	63.67	99.29	61.04										
61.16	79.81	93.39	86.17	94.12	66.64	70.29	0.00	92.98	88.46										
84.87	78.60	62.71	78.78	55.95	99.97	87.59	63.58	0.00	92.30										
84.52	77.14	99.04	66.83	75.48	58.18	88.76	94.89	67.41	0.00										
0.00	84.44	55.34	55.98	91.00	86.18	85.29	59.74	81.06	78.17										
86.99	0.00	97.11	80.88	62.77	95.53	63.17	73.83	59.98	68.61										
75.81	58.45	0.00	65.99	68.01	59.73	86.85	84.80	91.55	89.15										
59.79	66.68	79.49	0.00	58.08	72.86	69.40	83.60	63.62	66.75										
96.66	77.31	82.45	81.51	0.00	72.06	98.36	69.62	59.60	83.37										
86.78	96.09	56.38	60.75	74.15	0.00	86.90	87.74	76.41	59.89										
67.68	73.48	60.41	57.17	77.87	81.43	0.00	76.72	55.79	71.93										
92.16	99.64	74.79	63.32	81.94	83.36	85.91	0.00	92.68	91.11										
73.21	72.04	97.78	99.59	80.09	97.85	67.25	58.58	0.00	93.85										
87.67	82.33	74.85	74.95	69.59	88.59	97.03	76.92	81.73	0.00										
0.00	60.59	97.82	70.74	65.70	83.86	74.56	66.50	64.08	79.07										
74.23	0.00	95.85	81.88	88.02	80.00	87.49	98.48	72.66	92.78										
55.00	87.77	0.00	81.37	87.17	87.26	77.68	77.95	80.24	93.70										
79.74	69.66	63.65	0.00	72.46	85.02	57.87	89.24	65.94	72.18										
68.26	86.14	81.05	71.34	0.00	69.48	85.43	96.39	98.92	96.03										
98.42	55.45	94.05	68.98	83.62	0.00	87.06	79.65	64.99	63.29										
55.71	83.97	84.25	76.38	63.23	61.11	0.00	57.35	64.71	78.10										
58.17	74.18	88.88	83.08	72.39	64.57	82.31	0.00	66.45	90.85										
63.89	57.19	93.92	81.33	95.79	96.96	76.68	73.67	0.00	73.30										
97.49	83.13	59.55	68.09	96.77	81.30	78.67	86.82	79.06	0.00										
0.00	88.10	58.91	98.93	86.86	65.41	75.20	97.41	78.16	97.78										
63.48	0.00	69.34	57.78	92.59	79.48	61.19	62.67	89.75	94.85										
86.51	74.11	0.00	59.04	75.33	86.36	93.87	97.68	68.61	71.05										
90.14	71.51	93.11	0.00	91.57	62.44	66.96	71.11	90.71	94.07										
58.85	63.88	56.23	55.24	0.00	71.53	77.02	72.41	67.02	63.12										
61.42	58.44	61.06	70.86	73.20	0.00	75.73	98.01	69.59	62.36										
62.21	85.41	83.63	65.01	56.78	93.60	0.00	80.97	91.84	86.53										
55.16	77.45	98.60	73.37	77.12	81.93	65.75	0.00	98.95	71.18										
77.51	76.75	69.64	83.37	81.67	86.51	61.71	70.86	0.00	95.49										
74.81	95.90	73.32	90.16	70.44	61.98	87.21	76.36	77.30	0.00										
0.00	89.41	57.24	87.59	74.29	60.51	88.53	78.50	91.25	90.52										
65.80	0.00	60.23	90.35	70.86	67.05	85.30	58.05	85.28	96.57										
65.08	63.56	0.00	92.05	61.93	60.98	88.41	67.71	74.22	94.49										
59.31	89.33	80.75	0.00	99.53	95.49	56.88	62.20	67.93	78.14										
81.59	56.15	77.03	81.05	0.00	78.74	55.44	91.26	80.90	91.84										
80.64	74.81	67.38	72.73	98.63	0.00	81.25	85.78	85.61	79.70										
61.60	95.31	63.38	82.51	66.12	97.81	0.00	57.94	74.49	95.12										
88.88	83.17	75.62	95.04	85.76	67.84	94.79	0.00	56.25	60.65										
92.49	58.34	60.44	62.76	96.78	77.05	87.70	59.62	0.00	96.23										
96.39	95.30	62.56	77.49	67.10	68.76	84.89	64.02	99.37	0.00										
0.00	85.94	80.05	95.85	61.37	79.66	82.41	73.85	73.30	80.37										
55.08	0.00	82.52	82.64	79.24	57.33	80.87	62.22	77.17	93.12										
64.88	85.09	0.00	88.25	99.05	98.64	83.89	78.56	63.28	73.91										
62.38	81.51	70.28	0.00	89.87	76.61	63.68	87.43	58.53	81.23										
93.94	74.23	68.43	65.33	0.00	73.71	71.84	93.15	97.53	64.50										
78.61	88.81	86.89	91.88	74.97	0.00	99.37	88.69	79.50	94.28										
97.01	56.43	72.24	87.46	56.57	67.67	0.00	58.81	89.29	62.92										
69.99	78.78	61.35	56.03	87.40	68.30	87.04	0.00	68.88	62.59										
85.93	61.00	70.04	57.34	83.74	69.74	80.52	97.40	0.00	87.21										
60.75	94.68	64.68	61.57	74.75	78.44	85.35	80.01	86.75	0.00										
0.00	82.82	69.86	56.71	90.74	63.02	86.87	93.85	67.07	58.68										
96.87	0.00	56.98	91.38	85.07	67.15	78.23	70.72	56.42	62.56										
76.17	90.08	0.00	81.76	58.13	97.77	95.70	65.19	98.18	68.76										
74.84	96.96	91.14	0.00	80.75	93.88	96.42	60.17	87.14	94.36										
72.53	82.92	76.80	61.08	0.00	73.39	67.02	72.08	84.29	88.41										
78.11	64.58	62.62	95.22	61.30	0.00	83.66	99.89	55.52	74.82										
66.35	72.29	81.43	92.77	61.15	63.75	0.00	72.88	92.90	59.88										
59.84	83.29	98.71	72.90	57.88	59.09	60.47	0.00	61.68	92.44										
73.92	65.97	92.86	88.71	73.38	65.17	92.28	83.86	0.00	93.31										
55.42	66.17	74.29	90.93	59.97	78.97	80.63	88.53	93.70	0.00										
0.00	60.12	63.84	79.79	56.32	55.67	65.63	94.80	72.44	88.56										
82.17	0.00	77.98	73.79	95.66	56.23	68.54	86.37	72.19	69.89										
97.39	83.25	0.00	66.73	87.57	95.84	78.96	81.91	93.53	92.91										
78.29	82.40	66.76	0.00	98.37	65.92	82.35	99.46	73.17	70.30										
76.60	60.22	84.32	78.00	0.00	57.81	58.08	98.52	77.47	75.83										
97.13	91.52	84.57	98.44	83.96	0.00	79.50	98.10	69.24	88.68										
64.80	59.39	63.12	66.32	96.10	89.10	0.00	85.50	60.51	59.19										
66.88	84.37	73.26	65.99	94.12	94.13	96.10	0.00	97.69	65.52										
73.44	85.20	71.96	67.09	80.15	69.47	96.42	61.34	0.00	71.98										
70.66	89.01	81.72	69.06	72.96	79.53	88.12	78.33	90.66	0.00										
0.00	76.51	62.52	55.06	81.45	90.90	67.42	91.06	74.23	59.38										
71.83	0.00	83.62	92.01	92.60	78.89	64.77	62.95	89.10	97.11										
64.63	87.37	0.00	71.22	66.19	94.87	57.46	85.34	67.51	61.88										
63.40	85.67	55.30	0.00	82.14	73.30	85.58	81.27	79.88	87.30										
66.25	56.24	62.58	65.59	0.00	91.57	60.73	86.24	65.44	78.94										
99.92	55.35	87.76	81.33	96.88	0.00	63.86	98.84	57.29	86.52										
88.09	87.04	76.68	85.94	91.20	63.90	0.00	60.46	56.06	81.97										
94.99	78.42	75.51	59.66	70.15	84.24	98.83	0.00	57.08	58.34										
93.79	71.03	66.07	64.17	57.84	91.93	89.81	63.38	0.00	55.19										
87.54	74.75	95.70	74.58	63.94	70.27	95.87	70.09	57.89	0.00										
0.00	88.25	63.10	62.09	66.65	70.79	84.70	63.09	87.48	87.50										
66.16	0.00	87.94	60.73	92.43	62.70	87.52	75.25	67.63	73.06										
75.87	58.12	0.00	85.78	86.48	87.99	69.96	81.84	95.50	74.31										
73.17	99.26	60.33	0.00	88.21	73.16	68.33	98.30	65.30	57.91										
68.36	75.59	60.80	72.17	0.00	88.92	84.16	55.11	59.08	96.59										
61.15	82.80	76.96	85.61	88.35	0.00	98.76	73.12	55.46	55.18										
84.01	85.02	80.51	98.59	57.39	62.42	0.00	60.10	60.74	76.39										
97.64	96.11	64.22	80.00	68.64	72.03	99.10	0.00	75.76	79.90										
90.14	60.73	61.64	61.56	62.61	75.79	63.43	85.58	0.00	86.98										
99.94	60.37	56.67	82.16	58.77	94.58	89.66	70.45	80.97	0.00										
0.00	84.77	72.11	88.46	81.12	59.14	89.40	90.70	62.66	71.25										
63.45	0.00	61.47	90.87	64.79	81.79	63.28	99.94	84.67	92.07										
80.40	68.59	0.00	58.09	72.81	88.35	91.61	83.07	60.21	98.51										
80.73	84.40	67.43	0.00	56.71	62.01	83.74	86.42	70.01	61.24										
94.66	95.48	72.94	56.64	0.00	85.08	92.32	99.57	55.79	87.66										
95.63	76.51	68.46	61.11	77.65	0.00	62.29	81.34	84.12	79.03										
87.20	81.25	99.01	85.22	75.10	76.63	0.00	64.39	72.10	79.82										
75.11	62.52	82.82	87.56	68.91	91.82	56.73	0.00	57.17	85.61										
96.48	89.82	81.50	60.63	73.48	69.62	94.01	85.46	0.00	84.87										
89.80	98.34	91.48	59.71	81.18	99.26	72.86	81.05	74.57	0.00										
0.00	82.79	80.14	65.12	99.02	98.52	81.14	97.85	65.47	75.90										
82.22	0.00	91.90	69.26	77.27	92.41	58.63	94.61	61.31	66.79										
84.15	68.50	0.00	68.63	71.00	75.36	93.45	72.95	71.03	59.79										
63.46	81.47	80.42	0.00	66.85	77.38	80.37	90.52	95.41	77.30										
60.67	68.85	82.30	79.40	0.00	90.15	56.33	71.94	69.60	76.11										
57.49	99.45	98.73	74.00	93.49	0.00	68.68	75.28	76.94	96.80										
58.75	84.99	99.61	60.30	75.76	82.01	0.00	70.62	99.15	85.83										
82.92	64.11	85.59	82.47	56.68	66.12	89.69	0.00	86.94	79.84										
73.29	85.02	97.92	58.82	83.15	66.57	70.32	66.93	0.00	92.77										
65.16	82.01	74.12	57.45	92.43	77.46	71.10	84.43	86.59	0.00										
0.00	61.18	77.49	62.41	97.73	64.42	56.16	93.13	95.26	58.97										
85.85	0.00	96.87	59.16	59.40	84.62	97.89	75.05	88.16	80.15										
71.04	83.82	0.00	65.03	79.34	76.93	72.52	67.16	87.20	64.68										
92.55	86.54	55.04	0.00	72.38	65.91	68.95	58.18	66.69	82.94										
78.87	93.89	87.85	80.20	0.00	87.61	75.77	75.58	65.26	69.52										
74.00	56.26	55.36	61.86	76.39	0.00	59.74	79.81	83.52	83.47										
55.16	76.42	85.14	94.54	87.95	78.79	0.00	79.89	83.24	64.16										
91.39	85.79	55.69	66.18	92.25	84.36	67.16	0.00	64.34	85.24										
82.24	89.26	94.70	95.48	83.34	61.10	84.74	68.88	0.00	72.44										
79.72	91.82	83.01	96.49	72.04	76.31	61.40	74.60	98.57	0.00										
0.00	64.58	87.77	82.52	79.41	70.10	82.67	73.69	75.63	56.15										
66.21	0.00	78.43	66.77	64.43	95.35	72.13	93.13	70.38	68.41										
81.60	88.38	0.00	97.89	59.40	62.74	55.32	93.28	57.31	69.56										
64.09	97.04	60.84	0.00	90.52	58.14	96.21	63.79	79.20	69.83										
56.28	84.55	81.52	84.08	0.00	72.95	80.08	96.84	81.62	56.50										
90.48	94.58	79.07	92.16	78.71	0.00	92.86	79.05	59.24	96.06										
92.25	90.23	72.24	97.57	95.04	59.81	0.00	67.60	64.05	78.72										
91.89	61.90	93.67	76.52	87.94	67.35	81.83	0.00	71.19	55.38										
58.29	72.76	59.82	83.47	92.22	95.27	64.05	55.15	0.00	90.46										
81.43	92.51	64.38	61.69	76.99	90.49	75.51	77.08	65.39	0.00										
0.00	56.42	72.62	93.68	55.34	81.05	82.67	70.99	99.25	74.13										
58.73	0.00	74.25	89.27	99.49	82.33	68.00	94.66	75.40	97.69										
60.77	81.71	0.00	72.43	55.61	73.95	84.49	56.24	65.82	79.02										
59.64	56.59	58.10	0.00	91.33	56.85	81.84	56.73	72.83	80.65										
72.59	70.05	96.39	72.67	0.00	96.26	88.79	84.28	71.47	56.19										
61.19	88.47	98.43	64.48	97.73	0.00	87.39	65.42	85.00	98.72										
86.13	64.36	66.68	60.59	60.77	76.20	0.00	67.47	77.08	74.14										
81.35	83.74	66.34	82.63	75.59	66.87	65.96	0.00	78.02	74.84										
57.99	88.46	91.27	88.04	55.50	87.47	75.45	85.28	0.00	97.14										
58.67	87.78	84.72	89.99	97.55	59.72	59.11	63.38	59.59	0.00										
0.00	58.54	69.00	90.14	93.73	91.28	71.86	74.22	87.49	60.31										
84.40	0.00	78.64	69.27	77.11	81.52	71.33	76.63	95.74	84.89										
80.37	87.45	0.00	97.16	78.47	83.29	92.69	95.35	97.08	71.91										
71.77	60.57	63.79	0.00	65.00	86.20	55.25	79.95	65.08	86.03										
78.86	76.25	58.13	56.22	0.00	78.58	89.52	76.42	75.96	91.58										
93.78	66.48	62.95	66.52	94.17	0.00	81.52	76.51	57.78	83.33										
71.17	91.88	80.18	76.32	80.27	92.69	0.00	88.40	69.29	82.30										
74.55	59.40	96.86	66.87	78.99	56.12	80.85	0.00	92.65	61.44										
81.67	92.94	83.36	58.12	61.94	90.47	71.52	62.48	0.00	56.61										
89.77	70.78	61.36	97.00	88.38	80.01	60.11	77.12	95.09	0.00										
0.00	89.03	57.25	94.61	98.59	89.15	98.81	85.89	86.23	96.40										
55.68	0.00	71.10	61.12	74.63	96.03	87.32	62.66	87.49	58.72										
95.79	99.72	0.00	59.32	81.90	75.02	76.19	90.08	65.66	59.07										
97.99	65.40	61.00	0.00	86.75	92.14	60.09	57.67	87.36	62.69										
88.46	86.47	61.80	76.15	0.00	70.46	77.84	68.39	90.23	64.68										
68.95	92.43	75.87	99.17	71.39	0.00	71.69	98.75	81.05	57.09										
56.01	85.78	56.84	58.99	63.07	90.93	0.00	73.29	63.08	66.28										
70.50	79.68	80.42	78.17	86.85	77.82	82.88	0.00	77.66	92.12										
84.47	61.79	59.00	81.52	86.92	92.73	63.42	88.26	0.00	92.87										
78.02	57.39	88.02	58.32	57.85	61.62	76.69	69.15	59.95	0.00										
0.00	65.26	72.67	63.69	63.99	86.06	93.65	89.98	87.11	70.49										
99.81	0.00	93.98	84.29	77.29	87.52	62.40	85.91	99.80	61.46										
86.33	56.12	0.00	88.50	55.08	65.28	60.33	94.12	60.33	65.19										
81.23	88.61	66.86	0.00	75.95	65.91	62.31	59.25	78.75	61.38										
92.33	71.86	60.50	80.16	0.00	77.02	59.39	94.23	55.58	73.79										
58.66	74.03	90.54	80.41	87.16	0.00	59.30	99.60	82.49	87.80										
74.13	94.04	96.20	55.55	89.42	59.28	0.00	62.01	89.16	74.76										
67.58	79.62	58.96	58.17	86.81	56.02	90.98	0.00	61.50	83.94										
91.97	58.33	77.84	56.77	99.81	77.33	67.91	94.58	0.00	74.53										
70.31	96.09	96.36	92.58	79.51	58.69	67.08	82.45	55.25	0.00										
0.00	44.80	53.54	43.31	44.90	54.53	58.86	53.96	56.58	58.50										
49.19	0.00	55.22	59.66	48.35	42.09	47.56	43.58	54.85	58.34										
59.37	60.32	0.00	41.15	44.49	54.87	44.19	56.94	52.36	54.03										
60.28	55.03	49.66	0.00	41.55	57.61	47.31	45.00	43.09	46.29										
49.86	50.67	56.66	45.88	0.00	60.74	42.44	54.94	42.87	46.15										
44.57	58.79	46.05	51.98	51.64	0.00	42.92	43.21	58.15	47.43										
45.89	43.78	45.54	59.05	44.75	42.57	0.00	47.94	57.08	50.57										
50.55	56.83	57.75	43.30	56.24	43.42	54.76	0.00	56.24	59.29										
44.82	56.36	56.94	59.26	41.63	46.79	45.88	54.22	0.00	51.35										
42.07	54.81	53.33	60.46	58.28	60.03	60.57	54.37	51.62	0.00										
0.00	61.00	56.00	60.50	44.63	52.72	41.82	43.10	56.54	57.90										
50.07	0.00	60.64	41.50	58.71	53.72	58.71	53.67	45.45	41.37										
51.36	56.19	0.00	59.57	55.02	50.36	41.35	54.37	59.12	45.34										
47.05	59.80	58.76	0.00	43.84	55.35	51.85	46.83	58.09	45.30										
49.68	50.59	42.45	60.89	0.00	58.96	53.42	53.97	47.35	54.38										
49.45	51.47	44.10	49.58	57.84	0.00	47.31	60.58	42.58	44.12										
58.14	41.24	54.24	46.87	43.29	45.73	0.00	41.80	52.45	56.97										
44.25	50.64	52.46	47.45	57.90	43.57	51.88	0.00	45.12	57.65										
41.19	58.94	44.11	59.13	57.84	54.34	56.04	42.59	0.00	60.43										
52.77	46.59	58.54	60.24	47.76	47.63	45.28	57.18	60.19	0.00										
0.00	51.95	46.82	55.79	50.35	56.09	54.51	44.71	41.05	45.88										
60.18	0.00	50.31	43.80	43.25	45.50	53.74	52.35	54.07	59.29										
42.49	50.58	0.00	57.28	52.14	47.45	45.65	46.97	55.13	53.24										
60.51	53.08	49.25	0.00	46.79	59.80	55.68	47.11	49.26	60.63										
46.40	60.50	43.05	41.43	0.00	56.99	54.71	42.21	59.64	55.32										
56.24	47.29	43.39	58.07	48.23	0.00	60.55	43.84	45.60	55.34										
55.25	50.28	49.17	55.97	42.16	56.87	0.00	59.29	58.24	53.91										
46.12	46.11	52.99	58.08	58.65	44.89	42.63	0.00	60.82	58.38										
55.26	51.69	56.77	41.48	57.87	44.27	51.34	60.25	0.00	53.71										
45.25	56.59	46.15	60.18	48.57	57.02	47.85	42.42	59.83	0.00										
0.00	59.15	60.73	46.87	51.00	43.78	44.06	53.30	54.56	53.52										
56.56	0.00	51.06	51.54	55.33	58.13	58.86	41.37	46.65	49.03										
46.00	57.60	0.00	42.68	41.09	60.67	52.95	55.64	50.84	56.27										
44.48	41.90	52.95	0.00	50.43	47.04	55.87	46.63	57.06	43.86										
59.27	52.98	58.71	60.38	0.00	46.78	50.68	54.26	45.38	57.50										
47.93	45.73	58.93	44.26	42.34	0.00	59.92	60.46	42.19	60.04										
60.24	55.62	45.59	50.31	44.52	55.86	0.00	46.89	41.60	43.07										
49.71	51.46	55.02	41.08	59.54	49.21	45.06	0.00	59.79	59.48										
58.67	42.91	46.96	57.39	45.02	42.85	41.62	49.88	0.00	47.90										
55.65	42.50	46.85	41.24	55.23	41.69	43.10	55.20	49.41	0.00										
0.00	46.75	51.74	48.15	52.32	51.11	52.29	50.33	44.40	44.46										
57.55	0.00	54.96	50.95	41.75	41.83	47.20	54.15	55.95	54.19										
48.88	56.79	0.00	58.36	52.76	45.01	44.34	41.27	44.28	53.28										
50.71	49.17	57.69	0.00	52.76	48.55	43.65	58.11	43.13	54.07										
43.51	60.89	57.99	52.63	0.00	44.95	52.98	52.64	57.68	47.28										
50.23	41.28	43.23	41.09	51.14	0.00	56.01	43.79	45.43	54.51										
55.26	46.87	42.22	50.96	44.24	45.89	0.00	54.31	46.94	50.02										
42.83	51.40	43.08	55.16	52.38	49.20	56.65	0.00	48.66	52.72										
55.18	58.83	57.46	42.04	49.39	49.20	46.00	51.53	0.00	46.61										
60.72	59.81	46.12	59.46	53.54	53.55	47.82	49.36	46.97	0.00										
0.00	49.77	51.44	52.67	49.80	53.96	47.43	60.84	60.77	50.25										
54.85	0.00	46.08	51.31	60.97	50.21	41.32	51.16	57.72	54.98										
46.83	43.03	0.00	44.73	47.48	42.38	52.16	58.06	45.73	41.58										
59.94	44.47	55.15	0.00	44.93	57.72	43.23	54.64	41.72	46.95										
53.05	44.55	47.54	44.63	0.00	50.02	46.13	41.44	44.42	54.75										
48.93	47.24	49.82	43.56	44.82	0.00	55.13	44.97	46.88	46.29										
59.59	48.66	45.64	49.35	56.25	55.44	0.00	51.27	55.94	56.25										
60.68	41.92	48.78	46.16	42.52	49.13	43.66	0.00	56.91	48.62										
60.74	47.67	51.44	57.59	44.27	48.81	51.41	51.52	0.00	58.42										
48.72	42.90	43.37	49.30	57.33	52.83	47.76	52.82	52.90	0.00										
0.00	47.61	47.43	47.23	43.28	43.62	55.44	45.91	57.50	59.15										
44.23	0.00	51.67	53.83	42.98	42.15	50.55	58.47	49.39	41.14										
53.96	59.94	0.00	52.18	46.43	45.99	60.88	47.36	56.71	60.27										
53.09	44.00	53.37	0.00	54.86	50.62	60.53	43.95	54.35	50.74										
54.28	50.00	42.23	58.49	0.00	45.83	46.74	58.34	47.53	55.75										
56.26	53.55	41.33	43.21	45.36	0.00	54.08	42.59	43.48	54.71										
49.99	47.58	52.76	55.08	49.08	55.05	0.00	46.47	50.77	53.23										
43.91	44.28	48.57	57.75	44.95	56.35	46.23	0.00	51.22	52.95										
45.76	44.26	54.81	49.14	53.84	50.83	43.87	49.11	0.00	48.69										
54.57	54.57	59.53	57.74	51.72	52.98	56.05	51.66	58.16	0.00										
0.00	59.60	44.83	51.59	58.62	49.38	54.12	55.44	50.11	49.81										
54.06	0.00	47.63	55.66	58.22	60.92	48.54	44.93	50.53	58.74										
55.28	44.25	0.00	47.43	47.43	44.40	50.21	56.53	42.37	55.25										
52.39	49.08	44.39	0.00	43.56	56.02	50.75	46.68	46.32	58.14										
60.03	47.85	49.01	56.83	0.00	49.02	51.81	45.60	42.18	56.90										
48.22	56.20	60.49	43.03	55.64	0.00	43.20	46.65	42.07	54.26										
48.52	43.69	49.11	44.26	41.70	53.56	0.00	58.24	43.50	44.37										
47.85	46.18	59.92	58.86	48.12	46.47	43.79	0.00	56.79	46.08										
49.31	60.89	51.15	51.72	53.21	48.24	53.54	53.81	0.00	48.86										
49.66	48.45	49.69	51.17	45.78	53.77	60.96	59.37	43.71	0.00										
0.00	47.84	51.90	41.58	46.38	60.60	59.72	59.92	58.68	48.25										
49.68	0.00	43.61	59.26	49.14	59.95	45.92	58.10	51.18	42.01										
52.79	48.56	0.00	60.99	56.80	44.11	56.08	56.37	58.03	46.90										
42.17	48.97	53.46	0.00	51.94	52.96	57.33	52.10	52.54	44.89										
54.58	47.68	58.38	60.75	0.00	56.93	56.87	42.06	46.75	47.73										
45.81	58.81	51.51	54.95	53.48	0.00	46.35	41.89	46.07	42.45										
44.43	49.26	50.00	60.56	59.75	60.97	0.00	51.35	47.11	55.44										
50.41	49.16	55.11	60.60	57.60	54.61	48.65	0.00	55.82	49.45										
52.85	47.07	43.11	54.11	46.82	51.51	45.06	52.71	0.00	41.75										
59.57	46.24	45.25	55.35	50.96	54.14	48.72	48.75	43.92	0.00										
0.00	50.51	53.23	48.11	44.33	50.10	57.21	55.90	56.53	47.05										
48.21	0.00	60.99	50.33	50.55	52.00	45.17	47.09	51.15	47.22										
48.89	57.72	0.00	51.00	57.44	47.97	59.92	43.17	42.81	54.07										
59.74	60.18	48.61	0.00	47.79	51.74	50.53	43.33	49.91	49.68										
49.22	45.25	42.35	52.84	0.00	51.46	51.43	41.03	44.15	44.25										
58.86	43.37	53.48	50.20	49.69	0.00	44.95	55.64	55.08	49.15										
44.74	55.51	45.08	45.55	42.07	47.54	0.00	52.29	46.23	59.60										
44.04	60.66	52.99	49.98	56.67	52.26	44.63	0.00	52.79	46.39										
53.22	48.88	51.02	52.89	59.45	46.95	41.55	52.04	0.00	47.85										
53.65	58.25	48.48	50.29	46.22	43.65	41.55	44.01	59.86	0.00										
0.00	60.07	48.27	54.80	46.09	50.13	57.37	59.73	60.11	44.54										
50.87	0.00	53.04	52.71	55.12	57.20	49.02	57.21	41.84	51.37										
44.58	59.67	0.00	56.98	48.85	60.77	48.80	43.91	51.90	54.59										
45.31	57.58	57.80	0.00	51.90	59.68	46.03	52.06	45.73	58.49										
42.77	42.64	50.81	58.18	0.00	44.44	41.06	45.30	54.88	60.10										
50.78	48.85	58.23	42.73	46.38	0.00	50.74	45.79	54.60	44.91										
53.21	50.84	59.35	53.40	54.36	60.22	0.00	60.99	44.21	43.87										
47.12	49.00	52.97	57.63	58.39	43.02	50.33	0.00	41.28	56.50										
46.72	42.14	44.72	49.93	49.39	46.29	51.14	60.54	0.00	42.03										
42.55	56.63	53.91	44.77	51.26	46.66	50.95	53.92	51.96	0.00										
0.00	48.16	54.93	54.22	45.45	51.25	60.56	43.62	58.51	43.12										
41.11	0.00	53.72	50.91	57.41	55.55	54.97	60.69	43.40	57.16										
53.84	50.17	0.00	49.56	48.74	50.29	52.44	57.72	45.91	44.89										
46.17	56.85	51.37	0.00	45.15	48.76	45.89	47.98	55.46	44.57										
45.41	57.85	49.10	51.04	0.00	58.87	60.28	42.93	52.29	42.01										
56.17	56.18	59.64	49.19	46.25	0.00	46.03	56.66	58.20	41.95										
47.10	56.73	43.72	48.81	53.33	55.65	0.00	55.09	41.68	49.03										
52.54	51.53	46.56	43.55	42.41	56.64	41.55	0.00	55.58	50.93										
57.99	42.96	50.11	52.09	48.18	49.84	45.49	58.36	0.00	43.12										
56.17	53.31	60.02	59.62	43.59	57.91	58.62	43.39	51.30	0.00										
0.00	45.47	50.48	49.22	43.56	57.67	43.58	59.22	57.70	42.00										
51.17	0.00	44.72	60.19	58.60	53.16	47.89	55.28	55.52	49.18										
57.56	54.07	0.00	59.99	46.46	60.93	45.62	59.76	54.70	57.96										
55.54	51.06	45.30	0.00	58.51	54.51	53.47	56.53	55.64	58.40										
60.08	58.31	60.09	47.33	0.00	42.98	56.10	43.68	57.94	51.17										
48.98	51.93	57.16	55.41	55.56	0.00	55.54	51.90	59.41	53.17										
46.82	60.04	48.62	59.22	43.69	52.33	0.00	57.28	59.44	55.96										
52.71	44.60	45.97	54.16	43.13	44.88	58.12	0.00	42.64	42.52										
57.05	52.18	53.39	49.83	50.96	56.37	49.38	51.27	0.00	48.07										
49.53	48.38	45.02	56.69	60.43	50.13	53.92	55.27	53.69	0.00										
0.00	53.27	49.31	44.97	49.00	42.82	53.56	51.01	45.49	57.94										
59.75	0.00	45.81	50.57	46.99	41.37	55.85	41.81	55.19	48.79										
49.57	47.68	0.00	46.86	41.60	55.85	50.62	44.54	47.45	43.17										
48.55	50.24	47.06	0.00	58.45	44.88	54.16	54.71	60.32	56.11										
50.32	59.92	41.55	50.44	0.00	47.86	54.42	51.75	51.72	49.00										
42.99	46.46	46.92	57.09	48.22	0.00	48.80	43.17	45.12	42.94										
54.15	54.91	50.93	55.50	55.93	52.19	0.00	51.05	42.46	46.59										
42.02	57.61	54.38	45.82	53.21	48.31	56.11	0.00	60.02	50.34										
50.81	41.08	46.05	46.78	47.38	59.25	51.13	56.38	0.00	44.09										
57.72	52.89	53.52	55.19	43.00	59.64	50.73	46.05	42.11	0.00										
0.00	52.51	59.93	59.26	59.29	52.55	56.77	42.49	59.39	49.70										
44.29	0.00	57.70	60.57	49.60	46.65	50.05	42.52	48.37	58.91										
54.91	45.31	0.00	54.77	59.19	41.08	56.68	42.61	55.11	44.06										
41.64	50.62	59.28	0.00	48.05	54.46	56.89	48.50	60.00	50.69										
45.98	48.83	42.06	59.56	0.00	43.82	41.94	48.18	45.16	54.47										
48.53	55.74	47.58	56.12	48.85	0.00	52.92	45.45	46.75	46.68										
56.36	59.57	52.02	42.17	53.93	46.36	0.00	42.53	57.49	59.16										
49.18	47.79	48.02	50.67	60.81	51.87	50.35	0.00	58.09	54.20										
50.25	60.10	57.15	56.56	56.50	57.14	47.97	48.97	0.00	55.13										
60.27	46.09	58.24	46.20	52.14	43.99	59.68	44.42	60.68	0.00										
0.00	56.11	44.50	56.02	46.72	55.31	54.99	44.93	53.74	50.29										
41.19	0.00	55.28	45.33	42.99	56.15	56.53	43.79	43.89	55.47										
49.76	47.01	0.00	51.31	58.51	45.86	59.41	50.95	59.28	56.71										
55.37	48.12	47.36	0.00	44.78	42.83	59.34	43.96	60.91	57.21										
44.17	55.03	45.10	41.72	0.00	52.30	58.31	47.30	46.97	41.58										
47.93	41.83	48.48	41.90	47.59	0.00	41.10	41.37	42.03	46.08										
43.31	51.10	54.74	53.20	42.77	45.53	0.00	51.31	53.06	46.49										
50.94	57.44	47.59	45.13	59.09	45.23	54.12	0.00	51.31	45.08										
46.10	55.41	46.93	43.78	53.69	52.20	52.58	51.44	0.00	49.93										
50.86	57.50	42.26	53.59	43.39	41.60	54.81	43.12	48.86	0.00										
0.00	51.47	42.40	59.55	50.67	53.47	44.47	59.68	59.84	46.41										
50.45	0.00	46.33	55.83	58.28	46.35	42.31	44.39	50.50	50.60										
52.63	54.26	0.00	42.64	43.19	46.64	56.57	58.85	56.44	59.42										
56.35	46.44	55.26	0.00	58.52	55.55	49.22	58.24	55.25	50.04										
50.74	58.43	57.86	52.95	0.00	53.90	55.85	47.61	43.74	59.98										
54.85	45.70	54.15	55.30	52.77	0.00	59.29	60.75	46.39	43.62										
43.01	55.68	58.12	42.53	53.17	58.96	0.00	58.75	51.82	55.71										
44.15	45.76	54.50	59.06	45.85	44.13	50.23	0.00	47.91	56.00										
48.12	42.42	60.17	50.55	54.08	44.13	59.78	42.20	0.00	49.89										
56.40	60.99	45.50	46.04	44.37	44.32	44.25	58.67	55.82	0.00										
0.00	58.78	58.25	47.96	49.16	60.30	53.44	52.52	49.21	56.51										
45.02	0.00	41.15	49.21	55.73	49.49	60.88	48.41	43.90	56.45										
49.42	49.24	0.00	41.12	46.33	42.10	59.94	43.21	46.44	55.01										
51.42	58.42	54.19	0.00	57.26	49.88	43.18	58.55	61.00	55.22										
57.87	60.17	46.39	47.25	0.00	54.53	48.49	56.22	43.79	41.48										
57.87	54.11	51.60	53.44	49.29	0.00	43.35	57.62	49.79	52.20										
45.75	43.34	53.78	46.99	47.40	52.01	0.00	42.70	45.61	42.26										
57.10	54.14	42.00	55.00	42.74	59.86	58.99	0.00	42.34	57.97										
42.72	43.70	51.31	50.28	59.41	49.63	52.37	51.90	0.00	47.00										
55.22	45.74	51.44	58.22	54.65	44.18	57.07	59.61	43.29	0.00										
0.00	54.18	42.45	51.24	56.90	52.03	41.93	49.76	52.40	51.91										
42.71	0.00	46.36	42.27	59.28	60.49	54.07	43.73	50.72	53.44										
58.16	44.24	0.00	44.94	54.30	45.25	49.87	57.13	55.22	42.81										
60.31	60.24	57.96	0.00	51.10	52.54	47.51	56.09	52.57	54.54										
53.49	49.54	56.05	45.87	0.00	60.10	57.11	58.12	48.76	44.40										
43.77	54.95	59.21	47.15	60.26	0.00	53.22	55.64	57.17	48.06										
57.85	54.39	57.25	46.40	45.00	51.58	0.00	45.97	60.90	43.24										
54.54	52.87	41.73	55.12	52.91	44.12	57.72	0.00	46.98	45.40										
58.13	51.95	50.17	52.41	41.10	44.22	43.59	53.47	0.00	54.22										
51.95	52.81	41.74	57.36	41.43	45.25	45.97	45.38	46.53	0.00										
0.00	44.21	57.32	41.37	59.49	49.23	43.71	46.01	47.82	59.31										
54.03	0.00	48.40	46.07	46.87	47.86	43.94	56.17	57.66	57.52										
45.81	59.94	0.00	58.23	60.72	49.13	56.99	56.03	48.97	57.28										
42.18	53.39	57.96	0.00	44.77	57.42	44.52	42.97	58.50	41.69										
45.26	45.12	56.52	46.39	0.00	51.06	43.72	59.96	56.57	55.86										
58.08	41.35	52.61	43.41	55.47	0.00	60.20	47.15	52.99	47.53										
47.29	51.90	42.76	42.82	59.85	53.12	0.00	49.88	56.57	59.12										
55.99	59.06	60.81	50.40	54.71	43.23	56.99	0.00	59.69	50.08										
45.79	42.85	58.61	45.98	58.23	55.48	59.35	51.52	0.00	43.49										
55.76	45.99	55.00	46.71	50.48	48.64	53.24	48.14	46.74	0.00										
17000	17000	17000	17000	17000	17000	17000	17000	17000	17000	17000	17000	17000	17000	17000	17000	17000	17000	17000	17000
9																			
6																			
6																			
7																			
6																			
8																			
9																			
8																			
7																			
9																			
4																			
