109	110	115	138	153	163	157	146	180	199	199	199	234	204	266	261	256	272	269	294
91	123	135	147	143	171	171	172	174	193	201	199	213	241	245	261	283	272	280	295
103	110	120	133	139	140	171	182	180	191	202	213	222	249	242	248	265	268	267	303
107	129	126	123	145	164	157	170	186	173	200	211	226	236	232	243	277	267	258	297
84	118	89	123	146	170	171	175	191	200	203	214	206	236	252	234	255	269	278	296
102	109	127	140	140	152	162	189	171	197	220	195	226	232	256	243	253	244	274	294
101	110	124	135	142	149	160	159	190	207	210	199	223	248	217	238	258	287	270	283
81	116	146	130	132	144	154	171	180	184	197	196	215	227	239	261	254	282	271	289
93	110	126	137	125	170	172	180	180	202	205	228	216	240	221	243	253	265	271	278
98	99	115	141	144	158	166	183	199	194	206	216	220	224	238	258	274	269	282	285
103	111	103	130	138	165	160	176	183	192	198	204	223	235	249	244	270	264	300	274
94	85	139	123	158	158	165	162	180	191	206	214	213	237	245	267	267	264	256	285
106	95	107	125	156	155	164	179	176	190	212	211	226	232	243	260	255	285	284	281
108	98	116	129	143	142	143	173	174	203	184	206	220	234	239	256	262	269	288	282
106	89	115	117	137	159	159	184	177	181	209	215	226	232	241	267	255	250	273	301
96	120	124	126	144	149	161	171	175	190	196	203	223	229	246	234	263	264	278	302
96	113	120	128	128	150	145	171	185	190	179	208	224	230	220	245	258	269	275	275
90	140	131	132	139	153	149	180	179	187	210	208	203	224	246	265	255	262	268	292
89	121	103	129	140	161	139	177	175	196	205	224	214	217	236	249	257	256	277	279
98	111	113	130	153	146	166	160	199	191	200	204	221	226	239	243	256	269	284	288
32	31	39	38	43	43	53	55	55	57	58	65	63	74	72	77	80	79	91	81
35	34	33	39	44	44	52	53	50	58	63	67	72	71	72	70	85	82	82	88
37	34	34	40	42	46	48	51	55	57	57	60	67	70	74	75	77	83	84	93
30	32	38	39	45	46	48	52	48	57	68	59	69	71	72	70	76	82	84	88
29	27	36	40	45	43	47	50	57	57	58	63	71	72	73	82	81	80	81	93
33	31	31	40	43	44	48	48	56	59	64	63	66	65	76	76	79	82	82	84
29	30	36	37	41	45	54	50	56	56	61	62	64	71	73	73	79	82	87	85
33	31	36	39	38	39	49	54	56	54	58	65	63	63	71	79	75	86	78	83
35	34	41	33	41	45	47	53	53	56	61	66	64	71	75	72	84	77	82	92
29	36	36	39	42	43	52	52	54	59	63	61	61	66	73	72	74	78	83	90
32	38	40	41	39	45	48	47	59	61	57	64	64	68	71	76	71	80	84	91
24	33	29	41	46	44	48	44	53	56	61	64	70	71	70	67	74	83	87	87
29	36	41	41	46	49	44	49	52	57	58	64	68	71	72	72	82	76	82	84
23	38	38	40	39	45	49	47	55	59	60	65	67	66	77	77	82	83	84	87
34	38	35	46	43	45	52	57	55	54	61	66	71	70	76	72	78	82	81	89
28	31	38	41	42	48	43	50	58	54	55	64	64	71	77	72	83	79	83	89
31	33	38	35	42	45	48	50	51	58	62	62	65	74	73	76	83	83	81	88
23	31	35	36	42	44	48	46	52	59	57	60	65	69	73	76	71	81	87	86
31	41	31	40	40	45	55	51	56	63	57	66	64	71	74	79	79	79	88	85
36	32	37	41	43	43	48	46	56	58	63	66	68	71	72	74	72	81	86	95
2.2	3.5	3.2	3.4	2.3	2.2	2.2	3.5	3.1	2.3	2.6	3.2	2.9	3.4	2.6	2.9	3.2	3.3	2.9	3.0
2.3	2.8	2.4	3.2	2.6	3.3	3.4	2.4	3.2	3.0	2.9	2.0	2.4	2.5	3.4	3.3	3.0	2.4	2.2	2.6
3.5	2.9	2.5	2.7	2.4	2.9	2.9	3.4	3.4	2.5	2.6	2.1	2.9	3.4	3.3	2.5	2.8	2.1	2.1	2.6
2.7	2.4	2.6	2.9	2.1	2.8	3.3	3.1	2.9	2.9	3.2	2.1	2.4	2.5	2.0	2.3	2.1	3.1	2.7	3.1
2.5	3.5	3.0	3.4	2.1	3.2	3.4	2.1	3.1	2.7	2.8	2.1	2.4	2.9	2.0	2.3	2.2	2.5	3.3	2.1
3.0	2.6	2.7	2.6	3.0	3.3	2.9	2.3	2.1	3.1	2.7	2.1	2.5	3.2	2.8	3.2	2.6	3.4	3.2	3.5
2.5	3.3	2.1	2.0	3.0	2.4	2.5	2.7	3.1	2.4	2.9	3.4	2.3	2.5	2.6	3.4	3.3	2.8	2.4	2.2
3.1	3.3	3.0	2.0	3.2	3.4	3.0	2.4	2.6	3.0	2.8	2.0	2.2	2.7	2.2	3.1	2.1	2.9	3.3	2.2
2.3	3.0	2.3	2.9	2.0	3.5	3.0	3.1	2.4	3.2	2.2	2.0	2.5	2.5	2.1	3.4	3.0	2.9	2.6	2.8
3.4	3.4	2.1	3.1	3.2	2.1	3.2	2.4	3.4	3.0	2.2	3.4	3.3	2.4	2.8	2.0	2.2	2.1	3.4	3.4
2.2	2.3	3.1	2.2	3.0	2.3	2.7	2.6	2.8	3.1	2.9	3.4	3.3	2.6	3.3	2.3	2.7	2.8	2.6	2.1
3.1	3.0	2.9	2.2	2.9	2.4	2.5	2.2	3.4	2.6	3.0	3.0	3.0	2.6	3.3	2.1	2.6	3.0	3.3	2.6
3.0	2.7	3.5	2.6	3.0	3.4	3.3	3.1	3.3	2.7	2.6	2.7	2.7	2.8	2.3	2.2	2.5	3.5	2.5	3.2
2.1	2.7	2.8	2.9	2.2	2.9	2.3	2.8	2.3	2.2	3.2	2.4	3.3	2.7	2.4	3.1	2.2	2.8	2.2	2.8
2.1	3.1	2.1	2.1	2.6	3.4	3.0	3.2	3.3	2.9	3.4	2.2	2.1	2.4	2.2	2.9	2.1	2.8	2.7	2.3
2.9	3.0	2.5	2.7	2.2	2.8	2.7	2.6	2.3	2.5	2.3	3.3	3.1	3.0	3.4	2.4	2.3	2.5	2.9	2.8
3.4	2.5	3.5	2.7	2.5	2.5	3.1	2.4	2.3	2.4	2.2	2.7	3.3	3.5	2.9	2.7	2.6	2.7	2.3	2.2
3.3	2.4	2.2	2.2	2.1	3.0	2.8	3.2	2.5	2.6	2.2	3.3	2.9	2.8	2.5	2.6	2.0	2.0	2.3	2.4
3.1	3.3	2.6	3.3	2.4	2.5	2.4	2.5	2.2	2.7	2.1	2.2	3.0	2.2	3.0	3.3	2.3	3.1	2.5	3.5
2.2	2.5	2.2	2.3	2.8	3.4	2.3	3.4	2.1	2.8	2.8	2.7	2.9	2.2	2.9	2.1	2.6	2.2	3.5	3.3
2.5	2.7	1.6	2.2	2.0	1.7	2.6	1.7	1.3	2.2	1.1	2.7	1.1	2.6	2.9	2.1	2.3	1.5	2.5	2.6
1.6	2.8	2.5	1.7	1.7	3.0	2.0	1.7	1.7	1.8	1.2	1.8	1.1	1.4	2.6	2.3	1.9	2.9	1.9	1.4
2.8	2.4	1.0	3.0	2.2	2.2	2.5	2.9	1.2	2.4	2.3	1.3	1.6	2.5	1.8	1.7	1.7	2.4	1.3	2.9
2.6	2.3	2.0	1.9	2.0	2.2	2.5	1.6	2.7	2.7	2.6	2.7	2.4	1.2	2.9	2.0	2.0	1.9	2.5	2.2
2.0	1.7	1.2	2.4	1.2	2.2	2.0	1.3	1.2	1.7	3.0	1.2	1.2	1.2	2.6	1.2	1.0	2.9	1.7	1.3
1.7	1.2	1.7	1.3	1.5	2.9	2.6	2.2	1.8	1.4	2.3	1.1	2.8	2.9	1.6	2.9	1.8	1.5	2.2	2.3
2.3	2.2	2.6	2.5	1.6	1.8	2.2	2.2	2.5	1.7	1.7	2.2	1.2	2.8	1.7	1.2	2.4	2.2	2.9	1.1
1.8	2.4	2.1	1.4	1.2	1.3	1.3	1.6	1.2	1.8	2.9	1.6	1.1	1.7	2.0	2.6	1.4	2.2	1.6	2.7
1.1	2.1	1.2	2.1	2.6	2.0	1.3	1.2	1.6	1.2	1.2	1.0	1.8	2.9	2.4	2.8	2.9	1.6	2.0	2.6
2.2	2.1	2.8	1.1	2.3	2.9	2.0	2.8	2.1	2.8	1.6	2.1	1.2	2.9	1.8	1.5	2.1	2.2	1.6	2.5
3.0	1.7	2.7	1.3	1.4	1.0	1.6	1.5	1.5	3.0	2.8	1.6	2.0	2.4	1.4	1.4	1.2	2.1	2.8	2.4
1.9	2.2	2.5	1.8	2.1	2.2	1.2	1.5	1.1	1.5	1.2	1.2	1.1	2.5	2.6	1.2	1.4	2.7	1.2	1.3
1.9	2.6	2.7	2.3	2.0	1.0	2.4	1.1	1.0	1.9	2.5	2.4	1.7	2.8	1.8	2.3	1.8	1.1	1.5	1.1
1.3	1.6	2.0	1.9	2.7	1.7	2.1	1.9	2.5	1.4	2.1	1.4	1.5	2.3	2.7	1.7	1.8	2.0	1.2	2.9
3.0	2.3	2.4	1.4	1.3	2.6	1.1	2.5	2.9	2.2	2.0	2.9	3.0	1.1	1.5	1.9	2.7	2.8	1.4	2.5
1.8	2.8	1.9	2.6	2.1	2.1	1.9	2.9	1.9	1.7	1.6	1.5	2.1	2.9	1.3	1.5	1.4	1.4	2.1	2.6
1.1	1.9	2.0	1.4	1.9	2.2	2.1	1.6	2.7	1.6	2.7	2.8	2.6	1.8	2.9	1.2	2.7	2.7	1.8	2.5
2.0	1.4	2.7	2.9	1.1	2.3	2.6	1.2	1.8	1.9	2.6	2.1	1.8	2.3	1.8	1.5	2.4	1.9	1.3	1.1
2.9	2.9	1.2	1.1	2.9	1.5	2.0	1.3	1.9	2.3	1.1	2.6	1.6	1.3	1.0	2.0	2.5	1.0	2.7	1.6
1.8	1.8	2.7	2.2	2.0	1.2	2.4	2.8	2.5	2.3	1.9	2.7	1.4	2.3	2.1	1.4	2.3	2.4	1.6	2.3
19.2	22.8	24.5	13.0	12.4	13.0	19.9	10.7	17.6	19.0	24.8	15.5	17.5	17.4	20.1	17.8	14.3	14.9	22.1	10.6
20.5	13.9	20.4	12.0	22.6	22.3	22.4	16.3	15.6	12.7	11.6	14.5	17.0	10.9	18.0	14.9	18.2	10.3	16.1	23.7
21.6	13.7	19.0	19.3	15.6	18.0	15.6	24.5	17.7	17.6	22.1	22.7	16.5	17.1	10.6	12.8	21.8	22.1	13.1	20.4
19.8	15.4	13.5	16.6	17.6	11.0	23.2	19.3	17.3	17.8	20.2	11.9	19.9	18.4	13.1	19.0	14.0	13.4	12.3	13.8
16.7	14.3	18.5	19.5	23.3	20.2	22.4	22.1	24.8	23.2	16.4	18.6	23.9	23.2	17.2	15.9	21.8	13.0	19.6	10.8
22.2	14.8	19.4	22.7	14.7	17.3	10.6	11.7	20.7	21.8	15.8	20.3	20.3	21.1	13.0	14.9	16.1	11.0	16.2	12.6
12.7	25.0	12.0	22.5	24.3	14.3	18.6	16.1	19.4	13.6	10.1	22.7	21.8	19.5	21.8	13.6	13.2	22.6	19.7	23.7
13.2	14.4	10.8	18.9	18.5	15.9	20.4	11.7	24.5	17.6	18.8	20.5	15.1	16.8	24.6	15.6	15.7	10.9	21.1	12.1
20.0	14.3	10.4	24.0	20.9	24.4	11.2	15.1	22.9	21.6	11.7	17.1	16.7	10.1	10.8	24.0	21.5	11.4	14.7	11.9
10.6	10.4	10.9	24.2	20.0	10.8	12.3	17.2	11.4	15.1	14.5	22.0	13.6	21.5	19.5	12.0	22.1	22.5	24.0	12.1
16.1	22.5	19.8	11.9	21.1	14.4	10.2	12.8	23.4	12.5	20.8	19.5	13.1	24.5	13.9	16.0	21.5	23.1	21.7	14.4
22.1	19.5	16.8	23.8	11.2	21.4	19.0	14.8	10.5	19.5	24.6	12.6	13.8	16.8	20.1	18.9	10.8	13.8	13.9	20.1
19.3	11.6	16.3	17.7	21.8	10.8	11.1	20.7	19.5	20.9	15.1	22.6	22.2	13.8	22.1	18.9	19.9	17.6	18.6	16.9
13.7	18.6	11.2	20.1	11.0	13.2	23.1	21.1	15.8	18.6	19.6	18.6	19.5	16.7	14.0	19.6	21.3	10.1	12.6	23.6
12.2	15.9	13.7	10.4	19.9	13.9	13.1	21.1	23.7	18.3	19.8	15.8	17.6	22.2	20.1	23.6	10.3	21.2	15.1	23.0
14.1	15.6	18.2	22.2	16.3	11.1	10.9	12.9	24.3	22.5	18.4	17.5	19.2	15.7	22.0	18.2	12.2	22.9	24.5	22.3
21.0	24.3	22.7	19.0	14.2	12.2	23.2	16.0	20.8	11.1	23.4	19.4	12.4	13.8	16.5	16.1	10.1	23.1	18.1	13.4
23.5	17.2	13.8	17.0	15.6	19.2	22.3	22.3	23.8	22.1	17.0	20.8	14.3	17.1	24.1	21.4	14.3	12.4	15.4	19.1
11.4	19.3	14.0	11.5	20.9	13.8	23.8	18.7	11.2	20.3	24.4	13.8	18.8	16.7	19.0	16.1	14.8	23.6	16.5	18.0
15.0	12.8	10.4	20.2	25.0	20.0	18.3	14.8	14.3	20.2	19.0	14.0	14.6	11.0	21.6	24.9	19.6	15.1	11.2	12.2
7.1	9.9	5.1	8.0	7.2	11.9	14.9	11.3	5.2	6.2	13.8	14.5	6.7	12.4	9.1	10.0	12.3	11.7	5.0	8.2
7.1	8.7	5.7	5.8	8.8	11.4	13.6	6.5	5.5	9.0	9.9	6.2	10.7	14.8	11.8	14.9	10.7	10.6	11.6	7.8
6.5	14.8	6.2	12.8	10.1	14.3	9.5	7.0	13.3	7.2	13.1	12.2	8.1	12.2	8.6	14.0	11.6	5.4	12.7	9.0
7.3	14.2	6.7	9.8	9.8	14.5	6.0	5.0	11.7	15.0	13.7	5.0	14.6	6.8	7.6	8.7	11.3	5.8	13.3	8.9
14.2	9.0	9.8	7.8	9.1	7.3	14.1	6.9	11.5	6.1	10.5	8.1	8.3	12.0	7.6	14.6	13.8	9.3	7.2	10.8
9.7	6.3	5.4	12.2	13.5	13.2	13.1	9.7	7.7	8.0	7.4	6.0	7.0	8.6	8.0	12.8	10.2	9.9	14.5	6.2
9.3	9.7	11.8	10.9	8.1	9.6	8.4	14.4	11.5	7.8	5.6	5.4	8.0	11.3	7.6	13.7	5.3	6.9	13.5	6.9
5.8	13.2	14.5	10.3	12.4	11.0	5.7	10.7	14.2	10.5	13.8	13.8	9.5	7.6	9.7	12.5	13.5	6.7	14.3	7.6
6.6	8.0	5.7	11.9	11.8	7.5	6.1	14.6	13.2	8.9	5.8	14.6	13.4	10.0	13.4	9.4	13.9	10.8	8.7	14.5
7.3	5.8	13.0	14.7	8.3	14.3	6.9	12.9	7.5	6.4	13.6	8.5	7.4	14.9	12.3	14.2	7.2	6.6	8.6	10.3
8.6	5.6	5.4	9.4	12.7	5.4	5.0	7.6	13.9	13.7	9.1	10.5	10.4	11.7	13.4	8.0	13.5	7.8	10.6	8.0
14.6	12.3	14.7	9.0	6.6	12.6	11.4	13.6	10.0	14.5	11.8	6.7	7.0	14.7	7.6	9.6	7.2	13.1	8.5	9.8
11.8	9.2	10.3	7.9	9.3	14.8	9.6	13.2	11.8	14.7	12.5	9.9	8.1	11.0	5.8	10.4	8.3	5.3	14.3	6.9
7.9	7.2	6.8	11.0	13.5	10.3	13.7	12.8	7.0	7.2	14.4	11.3	5.5	14.4	14.8	14.4	8.7	14.9	11.3	12.1
10.3	10.3	7.6	14.4	12.1	13.1	8.1	7.9	11.2	7.6	7.7	6.5	8.1	6.5	6.6	8.9	11.7	13.8	10.3	7.7
5.8	10.2	7.9	6.2	6.5	11.6	5.7	6.9	6.2	12.9	9.1	5.1	13.1	13.4	15.0	11.3	13.4	8.7	7.7	6.5
11.5	13.7	12.9	12.1	13.2	6.9	13.3	9.9	8.9	5.8	8.4	5.7	9.7	11.9	11.5	10.8	11.0	7.8	10.2	8.5
6.7	10.7	8.4	9.3	6.6	9.6	13.5	8.2	12.7	5.9	10.2	8.0	11.0	14.5	6.5	11.1	8.9	5.1	12.2	10.6
8.4	10.0	5.6	7.9	8.3	10.4	9.5	10.3	5.1	12.4	12.1	9.5	11.4	12.5	9.4	5.5	14.0	10.6	12.2	10.3
8.8	11.9	13.6	9.6	10.3	11.8	10.7	11.3	5.4	6.9	7.6	8.6	6.4	11.5	8.5	11.1	7.2	11.7	11.7	7.5
18.7	21.4	16.0	15.5	15.1	18.7	18.8	17.4	15.9	18.6	18.4	19.6	24.1	20.5	22.4	23.6	19.7	23.4	23.8	19.0
21.2	23.9	18.6	18.2	19.1	20.5	16.0	17.7	21.2	19.1	23.3	20.7	21.9	18.9	21.5	24.3	25.0	21.1	24.6	24.6
19.3	21.7	23.7	19.9	20.1	16.3	19.4	17.0	22.2	25.0	20.2	22.1	25.0	19.4	19.1	20.9	22.1	19.2	15.8	16.9
18.8	18.8	17.8	20.9	16.8	18.4	17.4	20.8	15.1	22.4	18.3	16.7	21.1	22.6	17.8	20.7	23.4	21.6	18.0	17.8
23.0	23.9	18.1	23.1	23.2	24.8	15.1	21.8	24.6	21.5	20.7	15.0	18.7	24.6	24.6	15.5	15.4	19.5	23.7	20.3
24.1	16.8	24.2	23.3	21.1	22.3	17.2	24.8	21.4	22.1	24.7	23.4	22.2	21.2	15.4	22.4	22.9	21.1	17.6	23.8
15.0	15.2	19.7	24.4	24.0	16.5	22.0	20.1	22.8	17.5	15.3	24.7	16.2	23.1	17.2	15.1	15.0	24.8	17.2	15.6
15.5	24.0	20.1	23.7	19.1	17.2	15.8	21.6	21.7	23.4	15.8	24.6	22.6	18.2	24.0	15.7	17.5	20.1	15.1	18.4
18.8	17.5	18.7	20.2	24.0	16.8	15.8	23.1	23.0	24.8	19.9	16.1	23.8	15.1	17.4	19.9	18.5	21.6	16.6	23.7
16.2	22.0	18.9	22.2	18.3	21.9	18.0	18.3	25.0	16.2	18.0	23.9	17.5	19.2	21.8	22.2	19.9	20.2	23.9	15.7
19.6	24.9	24.8	15.6	21.6	20.9	22.8	17.3	15.2	21.4	18.9	19.9	21.9	15.8	19.1	15.9	17.1	22.1	20.1	15.7
17.5	15.7	21.2	16.8	15.3	24.6	18.8	15.7	21.0	20.3	16.5	24.6	24.0	20.8	21.8	20.1	20.3	24.1	17.8	19.7
22.5	17.7	17.3	22.3	16.5	16.2	17.0	24.3	23.9	16.3	17.4	19.3	23.2	18.9	24.9	20.5	21.2	18.3	22.3	21.5
18.2	17.2	20.0	24.2	17.4	17.2	18.8	20.5	23.3	20.6	23.8	17.8	17.0	20.2	19.3	20.1	24.0	17.2	21.1	22.8
16.7	21.8	17.2	21.4	16.3	18.5	16.2	24.8	19.0	15.5	15.9	24.3	16.3	16.2	17.1	20.6	18.2	21.0	18.1	16.5
21.2	21.6	15.3	20.7	23.6	20.1	24.9	20.6	24.7	21.9	16.0	15.7	22.9	23.7	22.3	16.1	16.6	16.5	16.5	19.2
16.2	21.6	15.1	23.0	23.7	15.4	24.2	18.5	22.7	16.3	16.7	23.8	20.1	19.1	19.3	17.5	25.0	16.5	15.6	17.1
19.3	16.7	19.2	21.2	17.4	16.4	19.5	19.9	22.7	17.9	20.3	17.8	23.3	16.8	16.3	17.8	17.6	16.4	15.2	17.6
16.1	21.5	15.2	19.4	19.1	24.6	20.0	20.2	16.5	19.9	18.9	23.9	19.3	22.4	24.8	17.6	16.8	16.8	18.1	20.2
18.0	16.4	21.6	18.0	22.1	22.1	15.8	23.5	16.7	15.4	22.4	22.1	24.5	19.7	18.2	23.3	19.6	20.5	24.5	24.9
0.0	93.2	85.0	69.7	75.8	96.7	65.4	65.2	89.3	68.6	79.3	84.7	59.1	79.2	79.0	69.9	65.9	96.7	99.8	81.5
86.6	0.0	74.6	93.7	85.9	85.1	61.2	66.9	93.7	90.7	84.4	60.2	78.0	57.4	91.8	78.5	74.9	96.3	80.4	97.4
94.1	58.8	0.0	75.7	59.5	60.3	85.4	72.7	91.3	92.1	70.1	96.5	55.6	87.5	70.2	57.2	88.5	65.5	68.5	99.6
83.1	81.5	89.3	0.0	67.7	72.7	64.0	94.0	64.1	80.8	75.5	60.8	61.1	79.0	65.0	83.1	65.8	85.1	58.4	89.3
72.6	84.3	65.6	94.6	0.0	63.2	62.3	92.2	57.4	55.1	85.1	90.5	67.9	82.1	92.0	57.4	56.7	65.7	89.2	82.9
75.4	93.0	96.8	76.5	99.3	0.0	68.7	63.1	64.0	59.5	81.2	58.9	68.2	86.6	94.0	78.8	66.3	75.8	82.9	58.3
57.6	79.6	91.6	57.9	64.9	71.3	0.0	70.9	75.4	68.9	61.4	90.6	72.1	82.3	73.8	94.0	98.4	55.4	88.7	80.0
92.5	84.4	76.0	91.2	78.5	60.1	73.5	0.0	71.9	91.8	85.1	89.3	68.4	99.7	80.0	90.7	96.7	96.9	87.8	91.5
86.7	87.3	58.1	57.1	76.9	88.3	66.5	95.7	0.0	76.0	61.1	96.6	80.8	80.7	66.1	63.6	71.3	77.8	73.9	91.6
69.1	85.6	75.1	57.8	79.5	67.4	61.6	87.4	69.1	0.0	56.0	57.7	96.3	96.0	93.0	71.0	64.1	58.8	68.7	65.5
61.4	84.5	98.4	60.8	73.9	66.7	73.0	78.8	57.6	87.5	0.0	80.4	93.8	90.2	57.1	93.8	78.3	79.0	57.9	78.5
72.6	90.9	70.5	87.2	70.9	56.2	90.2	75.5	57.8	66.7	81.5	0.0	95.2	72.1	71.9	87.3	97.9	67.0	69.7	88.1
65.2	96.7	91.4	95.8	78.9	74.6	64.9	81.5	68.4	82.5	98.9	90.0	0.0	80.1	89.9	57.8	65.0	81.5	96.5	69.5
99.7	59.3	88.1	60.5	62.6	94.9	69.7	87.0	84.0	67.5	76.2	65.5	85.2	0.0	64.7	86.1	76.4	58.9	79.6	91.5
80.4	77.5	93.8	95.3	61.0	85.6	60.0	88.0	94.7	67.7	73.7	77.7	69.0	81.3	0.0	86.0	73.2	91.0	74.1	87.6
85.9	90.7	63.4	60.3	99.1	92.5	73.3	82.9	60.7	90.2	71.8	69.8	98.4	87.7	61.1	0.0	91.3	87.7	90.1	70.1
79.9	87.1	88.9	97.4	97.3	66.5	65.9	94.0	78.1	84.5	61.4	95.7	83.3	73.6	80.5	80.4	0.0	75.5	59.0	95.0
68.0	88.1	63.6	86.7	98.4	96.0	79.4	68.8	62.4	89.9	79.6	67.8	82.0	65.2	66.6	67.3	97.0	0.0	89.2	65.2
67.9	91.6	63.7	68.7	61.2	89.0	100.0	70.1	93.9	75.2	79.4	77.9	99.0	82.7	94.2	60.8	78.5	76.0	0.0	67.4
93.1	95.5	87.7	91.4	87.8	64.4	80.3	81.7	77.2	63.7	98.1	63.9	91.5	68.9	62.7	63.1	65.6	82.2	91.6	0.0
0.0	85.8	82.4	71.0	84.9	67.7	93.8	85.4	94.6	99.3	72.7	96.8	89.8	90.8	92.4	70.2	97.5	55.9	62.5	69.4
63.4	0.0	65.3	74.3	62.7	89.6	99.7	84.7	84.2	64.2	81.8	65.9	77.8	97.3	70.5	58.0	84.7	95.2	80.7	67.0
83.4	63.7	0.0	78.4	85.7	66.2	78.4	77.9	55.1	81.0	81.6	69.6	95.9	90.5	65.3	91.6	84.0	96.2	91.7	55.3
87.0	83.1	98.8	0.0	82.2	70.2	78.9	67.4	86.6	61.7	56.9	57.2	82.2	75.6	60.5	58.9	74.3	86.3	69.0	71.0
69.6	94.5	72.6	98.2	0.0	68.6	92.5	65.0	57.9	61.8	66.4	59.5	70.7	84.2	86.9	100.0	57.0	96.7	82.7	92.1
91.6	57.5	85.0	78.7	67.5	0.0	62.1	89.4	69.1	99.3	88.5	89.1	64.7	92.9	81.9	57.4	91.5	62.3	69.1	87.3
61.8	59.0	81.1	71.3	77.3	80.1	0.0	80.1	84.4	78.1	59.8	80.6	83.8	76.1	66.2	76.3	58.6	85.0	59.0	95.0
71.1	89.9	80.0	68.6	73.4	76.9	90.8	0.0	64.1	74.0	97.2	72.3	83.8	93.3	89.2	59.3	84.6	60.7	81.8	62.0
86.0	59.7	58.1	78.3	92.2	86.0	74.9	77.4	0.0	83.7	70.6	80.8	67.6	95.1	77.2	79.8	68.9	79.0	66.3	61.4
80.8	71.8	94.9	99.8	96.0	92.9	57.0	56.7	75.0	0.0	92.7	92.1	91.1	96.4	76.2	96.5	70.0	77.7	68.5	68.9
58.3	81.2	76.6	62.7	87.1	61.2	97.1	95.3	78.5	92.2	0.0	60.6	96.8	97.1	91.5	66.4	91.9	70.0	88.5	70.6
97.8	90.7	71.1	77.5	57.2	68.8	75.9	83.6	82.3	88.8	78.7	0.0	78.2	92.3	92.4	67.6	71.2	82.6	76.9	90.8
79.7	74.6	55.1	99.3	90.8	88.1	84.5	66.7	55.3	57.0	64.1	61.6	0.0	60.9	67.0	67.5	81.6	74.6	88.9	62.9
61.7	72.5	89.6	66.5	75.9	76.4	89.5	79.9	72.3	59.3	85.6	79.1	61.0	0.0	81.0	64.8	95.0	96.9	73.8	72.2
64.4	81.2	95.1	56.8	69.2	67.9	90.9	95.9	91.6	75.6	81.1	68.0	60.0	73.6	0.0	86.9	95.6	92.5	65.3	95.0
96.8	76.1	70.4	95.3	65.4	98.7	92.3	57.6	79.5	93.1	88.2	82.7	85.8	85.0	67.4	0.0	82.0	56.5	59.4	87.3
89.2	57.2	73.9	61.7	86.4	77.2	68.7	90.5	80.5	77.8	82.7	56.7	65.3	59.8	80.8	70.6	0.0	87.4	88.3	97.6
69.6	76.7	74.1	82.3	73.2	66.8	96.7	65.0	68.0	79.0	97.0	82.9	76.6	68.8	72.3	79.5	79.4	0.0	71.4	88.1
92.8	98.0	83.1	89.6	81.6	72.0	82.8	93.6	78.2	64.1	55.1	60.0	84.3	72.7	73.8	63.5	84.4	84.1	0.0	74.9
85.1	58.9	98.3	91.2	93.9	55.8	84.1	66.6	55.2	75.7	95.2	67.5	62.5	57.7	96.7	63.4	82.1	82.3	84.5	0.0
0.0	97.5	61.5	87.7	56.3	62.5	84.1	65.3	83.7	67.0	96.5	55.4	63.7	66.8	71.6	84.5	84.7	70.0	83.7	72.7
82.1	0.0	84.0	81.1	56.6	68.1	64.0	71.9	90.0	75.9	61.3	73.6	99.1	57.3	60.6	98.8	86.7	58.9	81.2	57.6
73.8	71.1	0.0	99.3	64.9	71.6	69.1	80.3	85.6	57.7	98.8	85.4	90.9	81.4	71.5	99.5	98.2	73.3	90.9	56.0
82.5	59.0	88.5	0.0	86.3	90.1	87.2	76.3	62.2	63.5	96.4	56.8	78.7	62.1	63.4	98.2	61.7	71.8	66.2	97.4
82.1	97.9	60.0	65.9	0.0	66.0	62.9	71.3	69.4	89.9	55.4	60.8	58.7	85.5	92.2	78.8	84.3	77.0	74.6	75.7
77.1	61.1	92.1	80.8	89.7	0.0	55.4	93.2	89.7	90.2	95.7	92.0	85.4	81.4	64.9	67.2	73.7	63.5	55.9	75.7
72.8	91.8	86.9	92.0	71.8	98.1	0.0	99.1	55.1	66.3	83.6	70.6	82.4	94.6	92.8	59.4	99.9	89.8	57.1	83.4
85.7	76.8	81.8	55.0	83.2	55.7	97.3	0.0	63.0	57.7	81.8	74.7	77.0	91.7	76.8	80.8	86.6	61.5	82.7	59.6
74.7	96.1	79.1	82.3	74.5	95.9	79.6	84.6	0.0	64.0	84.7	79.8	64.7	62.5	94.5	59.3	88.1	55.0	89.4	81.0
77.9	75.0	88.3	69.7	84.0	72.7	83.6	59.8	84.0	0.0	93.5	65.2	73.1	59.3	85.5	73.3	56.5	61.0	97.4	73.8
85.9	61.5	86.7	65.1	56.1	76.5	94.2	61.6	64.9	76.3	0.0	86.5	61.0	77.8	67.1	90.3	78.5	86.0	86.9	77.9
84.6	98.0	55.9	87.1	97.6	86.0	68.4	57.3	69.6	56.1	87.6	0.0	59.4	75.4	76.4	69.8	94.1	95.0	81.5	91.5
96.0	83.2	55.4	81.3	94.8	91.3	97.8	70.2	59.6	71.9	75.0	71.0	0.0	84.3	74.6	61.6	72.0	99.5	87.4	64.6
81.1	91.7	90.3	75.0	78.8	64.7	70.9	64.2	85.2	59.6	86.8	82.5	97.6	0.0	63.8	86.5	82.3	75.8	63.9	75.2
69.3	91.4	88.3	55.9	76.3	84.2	81.8	99.4	91.0	92.7	87.7	62.5	83.5	60.3	0.0	82.1	76.2	68.4	98.2	74.0
70.4	63.7	65.9	67.5	90.1	63.4	93.9	63.3	94.7	61.8	89.0	58.7	80.6	82.7	71.0	0.0	83.3	93.2	56.5	85.6
93.6	92.6	60.1	71.5	60.5	86.2	75.5	92.5	65.5	58.0	88.9	77.0	63.5	88.4	70.1	78.0	0.0	75.0	92.3	81.8
72.7	63.3	96.9	85.2	68.6	71.0	62.5	99.3	94.6	76.3	89.1	91.5	81.7	65.8	74.0	79.2	61.9	0.0	58.2	83.9
98.0	94.9	80.2	73.1	84.3	87.1	81.1	74.1	66.7	72.8	100.0	94.2	64.0	57.7	58.8	79.3	98.1	94.3	0.0	71.7
90.7	95.1	89.3	66.6	59.8	84.2	91.5	70.0	97.4	58.2	56.6	76.7	96.4	60.9	63.6	57.6	58.1	61.5	99.0	0.0
0.0	75.1	93.2	62.5	61.6	77.5	77.6	83.7	60.6	76.8	76.1	81.1	79.1	83.8	63.3	76.1	96.0	65.2	86.0	79.5
66.2	0.0	81.6	78.9	92.7	97.9	82.3	65.9	86.0	61.1	99.0	83.3	67.5	91.2	59.5	84.5	84.3	90.8	73.8	66.2
68.2	92.3	0.0	91.3	55.3	63.3	79.3	63.1	98.2	64.1	79.4	70.4	71.5	92.9	72.8	75.1	59.5	82.8	78.7	65.1
78.8	66.2	74.3	0.0	74.2	80.0	66.6	80.5	84.0	60.2	79.5	75.6	85.3	96.1	95.9	69.5	74.4	91.7	85.2	67.2
94.8	91.7	80.9	99.5	0.0	79.2	76.8	70.1	74.7	62.4	73.0	77.2	65.2	56.4	87.5	95.9	65.5	69.3	86.9	56.4
72.7	60.9	73.7	57.3	62.9	0.0	57.3	66.3	64.0	96.1	88.9	63.5	94.5	80.7	74.8	90.7	80.2	72.2	86.3	86.5
70.2	65.5	71.1	72.9	90.9	81.1	0.0	82.2	96.3	88.5	73.3	63.9	76.7	82.6	68.3	56.8	76.7	77.5	67.0	57.2
92.7	79.5	86.3	98.5	61.9	89.8	61.7	0.0	59.2	96.9	85.3	90.8	81.6	92.5	93.6	65.4	66.4	90.8	70.3	57.1
71.7	68.7	55.1	85.2	69.7	87.7	98.6	63.5	0.0	95.9	95.1	95.8	67.9	61.9	69.4	91.8	99.3	73.0	99.0	68.0
99.8	67.6	59.0	82.9	75.5	92.3	87.5	59.6	68.5	0.0	91.8	62.2	87.4	65.1	65.4	73.1	81.9	90.0	77.1	78.5
94.2	64.6	55.8	93.0	58.9	82.4	91.3	78.4	98.9	62.5	0.0	93.6	90.3	60.6	85.4	63.6	60.6	94.2	83.7	64.4
81.0	63.7	90.6	62.4	70.6	69.2	57.8	94.4	76.3	86.1	74.8	0.0	68.2	87.3	91.3	61.4	96.6	96.6	86.2	92.5
94.3	64.5	71.3	69.3	80.0	75.0	63.5	97.5	85.6	68.7	57.5	92.5	0.0	86.5	69.0	74.7	61.1	69.8	91.1	95.4
59.3	99.7	66.7	65.8	91.6	94.4	64.3	65.2	65.4	86.8	71.8	83.1	93.1	0.0	61.5	68.0	65.8	98.7	56.2	89.7
83.0	82.4	98.3	79.0	82.1	82.1	71.5	76.1	61.1	84.5	99.6	60.1	61.9	88.2	0.0	96.0	91.9	74.5	81.2	83.1
84.0	62.7	80.4	72.3	88.9	76.4	76.7	79.3	71.7	92.2	87.7	97.6	74.1	95.0	83.5	0.0	78.6	83.4	59.2	91.2
64.5	65.7	65.0	92.6	59.6	66.2	59.9	97.3	60.0	61.8	84.5	72.2	91.6	61.8	63.7	65.6	0.0	88.4	96.1	74.2
74.3	92.9	68.2	90.5	86.1	82.1	62.8	96.7	87.7	60.2	82.0	58.1	69.1	89.8	98.6	65.8	57.5	0.0	85.4	64.1
77.7	59.2	83.4	73.1	62.9	96.0	58.6	69.9	56.6	97.2	99.4	85.7	96.5	89.8	84.2	71.2	77.4	89.4	0.0	99.7
56.8	70.9	57.0	79.4	78.6	68.4	96.9	56.8	68.6	59.8	83.0	57.3	61.6	99.7	71.9	69.5	76.9	87.2	72.9	0.0
0.0	84.8	76.7	57.6	73.8	60.2	79.4	61.7	73.1	64.5	62.1	83.3	99.5	93.3	87.3	64.8	97.8	87.1	62.2	56.9
58.6	0.0	55.7	93.3	73.4	63.5	70.1	95.8	69.8	89.5	95.4	72.2	71.2	71.5	91.5	84.0	99.4	88.5	77.8	64.3
83.8	78.1	0.0	82.6	81.2	75.4	89.4	91.0	89.5	80.6	77.5	73.5	93.6	86.0	56.7	94.0	92.2	94.2	56.8	57.5
71.4	90.0	66.5	0.0	92.0	72.9	63.3	68.5	63.1	82.2	93.4	83.7	83.6	61.0	62.1	62.3	72.9	87.3	57.2	95.1
91.4	64.9	56.6	77.0	0.0	93.8	93.7	73.8	94.7	68.4	96.3	84.4	88.2	100.0	69.0	90.4	90.2	77.5	61.6	98.9
62.1	66.2	87.3	94.1	94.8	0.0	67.7	69.4	89.6	89.4	56.9	58.1	64.9	90.2	64.3	68.6	87.6	86.9	62.1	58.2
84.4	67.1	80.2	69.5	83.1	70.6	0.0	98.9	79.7	65.0	96.2	80.5	98.6	64.1	70.3	62.0	74.9	75.9	92.6	76.6
89.1	62.0	72.1	90.8	71.0	58.7	73.0	0.0	61.4	72.8	63.2	97.4	85.5	57.4	65.4	59.5	73.6	82.2	84.8	76.9
60.0	86.0	58.3	65.1	75.4	80.1	62.6	89.5	0.0	96.2	73.5	63.4	98.9	76.5	59.0	86.7	75.6	72.1	87.2	77.1
91.6	59.0	74.0	56.3	57.7	86.8	62.7	67.8	81.1	0.0	72.6	64.7	55.5	66.8	66.1	79.7	70.2	90.9	97.5	67.2
93.5	88.2	65.6	79.5	94.8	57.5	82.6	55.6	73.6	79.0	0.0	94.5	80.8	59.8	87.1	94.8	93.3	70.5	91.7	78.3
90.2	62.4	95.8	83.0	55.1	90.7	62.9	98.1	82.7	93.4	95.4	0.0	68.9	62.2	87.5	83.0	73.0	60.8	66.8	87.5
83.1	71.7	66.8	88.4	87.2	66.9	83.4	74.1	64.2	98.0	75.9	75.4	0.0	88.1	70.6	93.7	93.2	95.3	61.5	83.8
92.1	77.6	56.7	88.0	57.1	71.2	70.9	73.2	89.3	99.9	87.8	62.2	71.4	0.0	79.1	95.4	98.1	55.9	57.5	71.9
56.6	84.1	82.8	82.2	79.3	93.8	79.6	72.0	84.9	60.1	60.2	58.7	83.0	85.4	0.0	64.1	88.7	70.9	89.9	78.8
99.4	78.4	68.5	74.7	97.9	71.4	97.0	75.3	79.3	66.4	63.7	74.3	84.4	84.9	94.3	0.0	90.6	67.3	55.2	90.6
72.4	59.3	96.1	66.7	93.9	60.3	61.0	69.6	98.9	78.3	71.4	90.7	98.5	66.0	81.4	60.7	0.0	62.5	58.3	92.5
86.8	83.8	79.7	69.6	71.1	73.3	69.4	67.9	69.3	84.4	88.2	57.4	57.9	70.5	87.1	61.6	98.1	0.0	80.3	66.6
84.8	57.7	78.5	87.6	77.5	91.2	57.0	99.9	93.6	58.4	73.3	65.0	82.9	61.5	83.9	91.7	55.8	62.5	0.0	71.1
93.5	94.6	85.5	72.6	68.9	63.5	75.5	75.8	94.0	71.6	87.1	72.8	74.6	69.5	86.3	73.7	59.7	94.9	83.6	0.0
0.0	90.2	93.4	95.6	82.5	95.3	94.6	70.1	79.7	78.2	86.5	91.3	93.5	91.3	81.7	89.6	68.6	88.3	58.8	73.6
67.0	0.0	85.9	77.9	80.2	56.1	74.3	62.1	57.6	65.5	64.0	63.7	74.2	63.6	65.7	71.4	61.4	78.3	99.0	88.2
63.7	87.8	0.0	81.7	63.9	72.7	79.9	76.4	63.1	68.0	65.2	83.8	84.4	58.4	70.9	68.1	64.5	77.2	94.4	84.6
98.1	79.4	89.3	0.0	58.3	56.4	61.7	60.2	68.5	70.4	100.0	86.1	79.4	61.4	69.5	75.9	79.9	98.8	92.7	84.3
62.9	67.9	89.5	73.1	0.0	87.7	77.6	61.6	97.9	56.5	56.6	89.9	98.6	64.7	82.1	94.5	70.3	94.0	88.6	70.6
90.4	68.2	74.7	80.2	81.2	0.0	87.1	75.7	77.1	87.0	77.7	97.6	82.7	61.4	74.6	71.0	74.5	83.6	80.9	99.7
70.2	86.6	63.6	71.3	76.8	84.2	0.0	92.4	87.9	98.5	69.6	62.4	96.0	57.3	74.7	92.8	72.9	73.6	67.1	70.4
92.4	78.5	57.9	99.5	74.9	93.7	90.1	0.0	73.5	63.4	69.2	87.4	76.2	74.7	91.3	66.1	59.7	86.1	89.4	55.8
97.0	56.7	91.8	62.5	66.5	86.2	84.0	66.1	0.0	59.0	99.0	63.5	66.6	68.4	80.0	56.3	83.1	61.0	85.9	71.2
59.7	61.4	89.0	80.5	59.3	83.3	94.8	69.5	74.1	0.0	88.4	60.0	92.3	80.8	93.3	73.8	76.4	77.1	93.3	84.1
60.0	96.5	87.0	76.2	57.4	69.2	97.0	71.7	79.9	98.6	0.0	98.0	69.1	75.3	56.2	63.8	86.4	75.0	84.2	74.2
81.7	71.6	63.1	85.5	56.7	82.6	77.9	89.4	80.0	76.8	91.2	0.0	85.3	60.3	80.3	85.1	84.0	60.6	96.9	85.0
75.7	95.8	90.2	71.7	82.0	61.9	64.2	86.6	84.9	99.6	85.4	86.2	0.0	63.0	66.9	81.8	68.6	82.6	68.2	64.4
98.9	60.6	65.3	72.0	73.1	74.4	69.5	82.7	94.2	70.2	99.1	55.6	72.5	0.0	99.2	71.8	71.9	70.1	85.7	72.1
78.8	92.3	96.8	65.7	94.5	57.4	68.0	65.5	65.2	80.8	72.4	86.7	75.8	75.0	0.0	97.2	79.4	98.8	66.9	96.0
73.0	75.5	75.5	74.0	89.9	63.4	70.7	67.0	83.3	67.7	94.7	63.9	97.9	79.3	72.2	0.0	97.8	63.0	94.8	95.8
96.9	71.8	81.6	66.1	81.6	90.3	94.2	65.9	91.4	88.1	58.5	68.5	77.6	65.9	56.6	58.9	0.0	61.1	82.5	94.6
59.2	63.8	92.6	85.9	82.0	68.6	62.3	62.3	69.8	88.1	60.1	62.0	57.0	62.2	71.5	98.5	89.1	0.0	85.4	61.3
72.8	70.2	91.8	91.2	61.2	57.7	57.7	58.1	82.1	82.8	87.5	89.6	99.5	60.5	89.1	76.0	61.0	75.9	0.0	68.4
89.0	85.7	73.6	82.6	98.3	97.7	61.9	67.7	66.4	90.9	68.3	71.3	63.0	64.1	62.1	77.4	88.6	93.5	87.8	0.0
0.0	65.9	68.8	78.1	64.1	74.0	97.4	73.7	70.3	79.8	55.2	65.3	75.3	77.9	81.2	71.3	59.6	58.7	98.6	99.1
66.2	0.0	74.9	68.9	63.0	68.8	56.1	55.4	92.9	85.5	85.9	64.8	74.0	77.9	76.2	58.0	98.9	58.5	86.2	81.7
70.4	64.9	0.0	95.8	75.7	99.5	92.0	69.6	59.5	81.1	92.3	76.9	59.4	73.4	76.3	77.7	95.7	80.9	80.2	85.9
58.6	79.5	71.4	0.0	59.6	69.2	83.0	99.4	80.6	86.5	59.4	74.3	63.9	80.8	67.8	61.8	58.8	59.4	82.1	96.5
65.6	98.3	76.3	75.0	0.0	61.1	57.0	59.2	90.4	76.7	75.4	69.1	60.2	92.9	86.8	86.2	82.0	55.1	97.0	68.8
76.2	80.3	62.3	64.0	67.2	0.0	71.9	60.1	75.8	61.6	60.1	84.6	72.5	80.4	76.8	68.8	98.0	57.9	74.5	99.2
56.7	79.0	58.7	89.7	88.0	81.1	0.0	75.5	94.6	69.7	79.8	62.2	64.9	96.3	77.4	61.3	81.8	89.2	89.8	83.1
55.8	91.0	86.6	94.1	58.5	81.8	59.2	0.0	72.9	60.2	90.1	94.9	97.7	77.2	86.2	93.0	96.7	99.4	67.0	99.4
56.1	59.0	97.8	90.3	69.6	63.4	86.5	90.5	0.0	56.4	66.8	97.9	78.3	73.0	75.3	74.5	75.6	68.4	90.5	72.4
78.7	58.4	70.7	87.2	91.9	78.5	88.2	90.4	96.3	0.0	57.0	66.0	75.2	71.3	59.0	65.5	58.1	88.1	92.0	99.3
62.3	93.1	58.2	56.0	88.7	70.1	64.4	84.3	99.3	91.8	0.0	96.4	88.7	67.9	71.2	71.3	77.1	69.0	81.7	91.6
60.3	91.9	74.6	94.7	70.4	81.6	89.0	59.1	77.4	89.5	96.6	0.0	89.3	71.3	64.1	62.3	93.2	87.0	61.0	93.2
72.2	94.3	87.8	91.2	68.2	93.2	97.0	71.7	60.1	83.7	59.9	59.5	0.0	88.0	69.3	86.8	55.6	96.0	76.9	55.7
90.0	57.1	76.2	75.2	96.6	73.1	78.2	64.5	90.8	69.9	100.0	83.9	71.9	0.0	89.4	74.7	94.3	65.1	66.8	87.1
61.7	67.1	86.3	99.5	61.3	73.7	86.1	57.6	84.9	69.3	89.9	77.5	78.1	90.1	0.0	95.2	73.2	77.0	70.1	58.3
66.0	98.5	88.5	77.6	99.0	87.7	61.5	82.1	75.1	63.8	69.9	89.1	97.9	77.8	83.3	0.0	87.6	91.3	55.7	83.6
58.9	86.4	72.4	76.3	72.8	60.2	75.6	77.6	58.9	81.8	59.9	60.7	95.6	80.8	69.6	97.6	0.0	60.0	67.4	76.9
66.4	93.3	87.9	96.7	74.7	77.1	92.4	71.2	70.7	94.5	67.5	69.9	96.7	71.7	85.4	84.2	69.8	0.0	80.7	88.9
65.2	57.3	64.1	56.9	87.1	59.3	92.5	59.6	81.9	92.7	75.9	65.0	70.8	88.3	75.1	76.6	77.8	90.5	0.0	79.0
55.8	78.3	55.0	97.5	88.5	60.3	72.9	80.9	68.6	92.4	64.2	62.8	68.6	98.5	94.6	65.5	73.3	96.7	56.4	0.0
0.0	72.4	60.5	76.1	57.0	72.8	85.8	86.2	91.4	76.8	76.2	74.1	94.3	84.4	83.9	82.7	95.2	81.6	92.4	64.3
62.0	0.0	67.9	79.3	73.5	63.2	60.0	82.2	57.1	92.3	78.7	65.9	94.4	71.2	85.0	58.4	73.8	63.6	98.4	80.7
78.6	95.2	0.0	99.0	80.3	71.9	57.6	66.2	88.1	91.6	80.7	92.8	95.9	64.0	68.8	77.1	56.2	62.4	58.1	73.6
73.0	55.9	66.4	0.0	98.2	97.1	62.2	91.3	56.9	80.5	89.1	60.9	83.8	77.6	67.0	84.6	78.3	84.6	62.8	65.8
87.1	60.0	56.2	93.6	0.0	65.9	70.0	72.0	70.2	99.4	71.8	95.0	94.7	76.8	94.2	79.7	70.1	98.3	89.7	91.8
86.1	63.5	95.2	74.1	95.3	0.0	94.1	86.7	91.3	58.6	75.8	58.0	97.6	74.8	80.3	95.0	75.9	56.1	62.9	57.8
94.7	81.3	73.4	71.8	95.9	79.4	0.0	91.3	65.2	67.8	69.4	80.8	59.5	82.7	87.2	72.4	84.0	85.0	72.6	87.7
72.3	57.3	61.9	82.1	80.5	77.7	71.1	0.0	84.3	68.0	98.3	59.7	91.5	94.8	75.3	87.8	71.5	74.5	97.9	73.2
68.4	57.8	87.1	75.7	93.2	55.8	97.5	66.2	0.0	92.3	82.1	61.0	68.5	66.4	71.8	98.1	66.7	63.0	59.4	90.5
65.2	96.2	99.6	67.2	70.8	79.5	67.5	63.2	87.2	0.0	56.0	90.7	85.9	62.8	83.9	96.5	69.6	68.3	96.9	55.6
86.7	94.3	58.0	77.7	80.9	83.1	77.4	58.6	89.3	75.7	0.0	90.0	63.2	89.7	88.2	95.4	90.1	85.2	71.5	87.8
72.4	57.9	71.4	67.9	80.2	98.2	63.3	61.7	91.3	79.6	92.6	0.0	58.9	81.4	70.6	61.5	95.7	61.3	86.0	64.4
98.6	59.2	82.9	63.2	76.6	84.2	77.5	81.4	83.7	75.3	92.5	80.9	0.0	77.9	88.7	62.0	85.0	99.6	73.0	75.9
57.3	89.7	98.3	55.8	89.9	81.1	62.7	78.8	75.8	100.0	88.1	91.6	83.7	0.0	81.9	74.5	55.7	92.8	97.8	65.8
86.0	86.0	56.5	88.9	80.0	95.6	64.4	81.6	84.5	91.2	83.7	97.7	56.4	99.8	0.0	77.0	89.4	55.2	83.8	66.8
89.2	84.6	71.3	58.0	88.3	70.7	78.7	95.7	63.9	65.3	92.0	67.5	87.3	77.7	72.8	0.0	68.3	99.2	90.5	95.7
73.0	72.6	63.8	94.2	92.4	85.7	59.4	67.5	95.3	64.5	81.6	95.1	65.4	89.4	59.0	85.9	0.0	82.7	86.2	91.0
88.3	94.5	77.6	67.5	66.5	67.1	55.9	86.2	89.0	73.8	76.3	83.7	93.1	99.4	93.8	61.2	79.0	0.0	84.0	67.1
89.6	64.8	78.5	57.0	68.3	77.6	85.2	95.0	92.6	78.2	71.5	79.6	98.4	63.5	64.5	95.4	86.9	69.9	0.0	78.6
56.7	81.6	71.1	90.5	77.4	94.9	63.9	77.1	72.5	78.3	64.3	79.4	61.5	89.6	74.7	99.2	77.3	55.0	100.0	0.0
0.0	83.3	78.3	99.8	81.4	92.7	61.9	58.4	84.1	98.7	64.6	65.3	96.1	57.4	75.8	97.3	71.4	93.8	91.9	72.1
98.8	0.0	82.2	86.3	99.4	90.8	97.2	94.4	56.1	89.6	76.6	75.4	98.6	64.5	56.5	62.6	67.8	60.0	74.4	78.6
74.8	80.6	0.0	97.9	95.0	98.4	62.6	76.7	82.2	85.1	59.1	86.7	93.3	79.8	79.4	87.8	84.0	73.2	89.1	96.4
58.0	86.5	93.2	0.0	78.7	55.4	93.6	56.7	61.3	75.4	89.8	72.4	77.8	79.6	75.9	55.6	88.6	88.5	75.3	64.2
88.0	83.7	76.3	61.3	0.0	74.5	71.9	59.5	68.0	70.8	92.1	59.1	80.5	96.9	66.2	85.1	79.1	60.3	61.5	64.7
97.2	84.2	96.4	95.9	56.5	0.0	74.8	56.3	62.3	70.7	89.2	68.4	60.4	93.9	83.3	58.2	63.8	67.5	79.1	91.1
89.9	83.7	81.0	77.6	55.5	81.6	0.0	80.6	56.9	89.1	95.3	83.3	59.3	98.2	83.1	93.3	93.2	60.8	85.7	90.6
77.3	89.8	99.5	89.9	60.6	73.4	69.7	0.0	72.3	84.9	55.2	87.1	84.6	95.2	74.5	61.4	61.8	74.8	80.1	73.7
88.8	72.1	60.3	59.7	59.0	61.7	80.2	89.3	0.0	95.7	55.9	71.4	78.3	65.6	62.0	94.1	99.0	66.2	92.6	62.4
83.3	89.6	96.0	87.3	77.4	95.1	60.0	58.5	68.9	0.0	66.3	84.2	88.3	84.3	89.6	63.7	67.6	67.3	75.6	82.8
73.6	82.2	73.4	90.7	62.1	60.5	77.7	98.5	77.5	67.7	0.0	63.7	93.3	78.6	64.6	70.0	95.7	87.0	77.2	57.8
78.5	96.1	63.6	91.0	97.6	94.0	84.3	68.1	59.9	98.8	72.5	0.0	95.1	84.2	88.3	79.9	80.9	70.3	62.4	74.2
88.7	90.5	73.8	81.7	70.4	71.6	90.7	82.5	72.8	81.1	67.5	86.7	0.0	83.4	96.6	84.8	98.2	77.9	56.9	93.8
75.3	84.9	65.5	83.1	59.6	79.9	98.3	92.0	83.4	96.7	86.3	76.0	65.7	0.0	74.8	73.7	83.3	89.1	78.5	97.4
77.7	73.7	68.7	89.6	79.9	58.2	91.2	66.0	74.3	98.7	87.1	57.4	82.6	82.5	0.0	73.9	70.5	65.6	99.5	85.7
61.9	56.6	93.0	74.4	85.3	76.8	85.6	65.2	59.5	78.7	72.0	81.8	86.8	90.6	59.9	0.0	68.0	82.5	84.2	96.0
75.4	80.7	73.8	99.6	98.3	73.9	71.0	66.3	80.0	58.0	84.2	75.9	84.8	71.3	93.1	93.5	0.0	58.0	68.9	85.2
81.6	63.5	64.2	64.5	79.6	80.9	62.4	91.3	72.8	69.3	64.1	83.9	66.6	74.6	80.5	86.4	86.0	0.0	84.7	55.0
91.6	71.3	67.7	79.5	66.0	89.7	81.1	86.4	70.1	75.8	64.1	72.9	60.7	85.8	87.8	71.5	95.0	67.0	0.0	56.2
63.2	83.6	87.7	66.2	84.3	62.6	90.0	69.9	77.7	67.8	66.9	58.1	64.5	72.5	73.0	60.9	87.2	75.3	79.3	0.0
0.0	59.2	72.2	89.4	94.8	57.0	91.4	77.2	58.9	81.4	64.7	77.7	59.2	76.6	64.9	87.1	56.7	91.4	82.1	82.5
87.4	0.0	74.3	77.3	84.4	93.6	63.3	92.1	78.8	81.7	77.0	63.7	67.9	85.3	84.4	57.3	98.1	95.2	80.7	64.6
70.8	66.7	0.0	64.8	78.3	99.9	59.4	70.3	86.9	64.5	72.4	63.4	82.2	99.2	73.7	61.1	83.8	99.2	98.1	68.0
83.6	67.9	81.2	0.0	91.8	81.2	98.5	79.2	83.8	80.5	87.0	99.0	78.0	82.8	97.8	96.7	97.2	92.4	55.2	91.1
69.1	61.9	75.2	62.2	0.0	65.0	91.8	84.4	68.2	58.1	75.2	71.2	59.1	88.1	64.1	77.8	65.9	80.9	62.4	98.2
92.0	65.2	72.4	85.3	59.6	0.0	98.4	67.6	59.5	65.7	84.2	61.3	75.8	67.5	88.2	55.7	58.6	73.0	82.4	94.7
56.3	85.7	95.7	55.6	78.0	59.7	0.0	70.6	58.8	98.1	80.1	68.2	57.8	91.3	97.9	99.0	67.7	68.1	71.9	68.0
56.5	65.4	86.8	60.2	85.1	69.1	56.2	0.0	58.3	97.3	97.7	90.0	72.4	80.4	81.0	64.9	68.0	82.7	94.7	76.4
80.5	60.9	70.3	96.9	90.7	83.7	64.1	57.2	0.0	65.8	57.8	98.8	76.8	93.3	84.7	78.9	96.9	59.9	63.0	87.2
90.4	95.9	62.8	83.9	79.2	65.5	58.7	59.0	84.2	0.0	69.5	64.5	74.5	65.0	78.5	62.4	96.7	62.3	66.9	56.7
91.2	61.6	71.1	73.3	68.0	72.1	96.7	89.3	62.7	95.8	0.0	63.3	97.1	97.9	83.0	82.0	60.7	85.1	76.2	57.2
82.0	68.5	87.1	81.3	69.3	96.4	79.6	96.8	70.3	75.5	64.9	0.0	99.9	55.8	93.6	89.7	91.9	63.9	96.1	65.6
88.8	75.2	68.7	62.0	61.3	61.0	90.9	94.9	74.0	60.5	73.2	90.3	0.0	91.5	58.1	92.3	87.8	63.8	71.2	65.0
60.9	99.8	74.7	86.6	68.0	65.2	61.2	67.1	71.7	74.6	93.7	81.4	73.2	0.0	77.9	85.2	94.8	86.7	85.5	93.9
77.2	55.5	76.7	98.5	68.8	55.8	65.3	81.5	81.0	56.9	94.5	97.7	96.7	57.1	0.0	57.1	57.3	75.7	55.7	94.0
65.8	70.5	92.6	93.3	68.9	76.4	82.1	58.6	94.6	80.8	99.3	63.3	80.5	93.8	68.8	0.0	93.1	86.5	83.2	74.9
95.9	65.9	74.9	55.5	90.6	98.2	81.3	60.0	78.1	65.8	94.2	93.9	64.6	83.4	77.3	73.8	0.0	84.4	67.2	58.1
97.3	66.7	87.4	62.1	65.6	90.8	98.3	80.7	95.3	71.0	86.6	72.2	73.8	99.1	76.9	90.9	69.0	0.0	88.3	87.9
77.0	85.3	84.2	99.7	91.3	89.8	86.3	72.6	59.1	99.0	63.2	97.3	56.2	73.8	79.3	81.6	86.0	65.0	0.0	76.0
73.0	79.8	56.4	80.9	97.2	74.3	82.3	71.1	55.3	71.1	91.1	69.5	85.8	96.0	82.7	75.0	66.5	60.2	96.3	0.0
0.0	84.0	72.1	83.3	100.0	63.2	79.3	62.8	82.2	75.7	60.5	69.8	63.7	65.3	62.6	92.3	93.3	90.8	67.6	89.1
59.2	0.0	68.4	56.6	83.6	86.2	72.8	81.0	96.2	85.7	68.7	62.4	94.7	64.4	77.4	73.3	65.6	93.0	90.7	83.2
76.5	58.9	0.0	75.3	77.2	64.6	69.1	76.4	58.2	56.4	67.7	66.2	60.2	87.0	60.5	60.9	59.1	57.5	96.0	83.5
56.4	61.9	72.0	0.0	92.6	84.6	71.4	69.7	95.9	91.0	93.9	63.1	82.2	68.0	90.1	90.5	79.7	78.7	67.2	97.7
86.4	83.9	63.2	56.0	0.0	84.3	92.3	91.3	88.8	84.0	93.8	82.3	64.9	64.2	86.4	72.3	90.7	69.4	59.6	82.3
82.4	62.3	81.3	80.2	68.8	0.0	76.8	93.1	71.4	95.2	60.7	90.8	83.0	86.5	72.1	66.2	90.3	74.1	93.6	89.3
81.4	66.3	98.6	84.4	95.8	58.9	0.0	69.6	76.2	66.5	86.0	67.3	62.9	83.5	58.4	95.1	66.5	55.1	82.4	87.0
89.9	76.7	78.6	78.5	89.7	75.0	61.3	0.0	69.3	85.5	63.7	66.8	71.8	81.8	96.7	69.8	72.3	98.7	82.3	89.2
90.8	99.7	84.3	63.4	63.7	63.9	99.1	74.2	0.0	68.5	76.3	90.3	76.5	57.1	81.0	83.3	81.0	61.8	98.7	85.1
70.9	67.0	74.5	74.1	94.3	62.0	92.3	98.5	93.5	0.0	62.3	85.8	67.8	88.3	80.8	96.7	75.0	89.4	97.8	60.2
59.3	71.2	82.3	67.2	64.7	73.3	91.0	89.4	69.2	67.2	0.0	56.1	85.4	64.0	60.4	79.4	70.0	62.5	72.6	71.6
76.9	97.8	97.5	55.6	87.9	58.2	74.0	60.7	90.7	76.0	99.9	0.0	67.3	75.0	99.5	73.6	82.7	80.6	90.9	72.0
72.0	87.0	96.9	92.3	62.9	89.9	86.7	60.7	81.4	81.9	80.5	68.1	0.0	96.7	95.3	68.8	64.9	79.6	99.7	77.7
91.4	94.8	92.4	68.0	59.8	90.0	58.5	66.7	66.0	91.5	57.4	62.0	97.3	0.0	87.3	70.7	76.5	59.0	71.1	64.7
93.1	98.7	89.6	86.5	59.0	88.4	74.5	68.1	97.4	76.6	80.7	94.2	59.8	77.9	0.0	56.0	71.2	84.5	95.8	88.5
55.9	84.9	68.9	94.1	82.4	64.0	99.6	74.0	97.4	56.9	92.6	88.6	89.6	79.6	91.6	0.0	65.2	73.9	81.9	75.4
57.5	68.9	85.2	91.7	74.7	83.7	95.4	81.9	94.8	76.9	55.2	74.5	59.7	87.5	98.2	58.3	0.0	85.3	91.4	91.0
87.0	88.7	96.9	77.7	96.8	89.5	94.9	83.7	98.7	86.9	61.0	79.0	55.5	76.9	64.2	58.3	97.6	0.0	85.4	70.9
90.0	74.8	62.4	70.8	88.4	97.3	79.3	60.9	89.3	97.3	59.5	61.3	67.9	91.9	63.1	60.2	96.9	86.1	0.0	66.1
93.4	82.9	96.6	66.6	80.9	67.1	60.8	83.1	98.7	63.6	90.6	62.0	88.3	82.8	88.7	74.8	79.9	68.1	58.4	0.0
0.0	72.2	61.5	70.5	96.1	86.1	74.8	97.4	62.4	90.0	91.0	63.8	84.5	63.5	76.4	84.4	76.9	99.0	68.3	68.9
85.8	0.0	87.9	97.8	85.6	78.4	91.3	66.1	63.4	82.7	94.0	85.8	94.0	58.7	69.5	91.2	55.3	57.4	55.6	55.9
99.4	94.4	0.0	97.4	72.1	82.3	96.6	59.2	87.9	75.5	96.7	82.8	65.2	77.9	56.2	64.4	66.5	83.4	85.7	84.9
92.6	59.8	87.5	0.0	66.4	81.6	90.3	86.1	80.3	88.3	63.3	74.5	56.8	58.7	96.3	95.8	56.4	79.9	78.5	78.0
60.1	86.2	89.3	84.1	0.0	72.9	91.8	89.2	92.7	91.1	85.3	97.7	60.3	90.8	68.7	98.1	79.3	73.6	56.5	62.7
94.5	88.6	61.6	77.6	95.5	0.0	62.5	67.9	88.2	80.0	63.7	64.3	87.4	85.7	76.7	56.8	69.0	64.9	58.7	74.7
65.9	62.3	72.3	69.3	95.7	89.9	0.0	97.0	62.4	88.9	79.3	72.9	70.4	84.2	89.0	61.3	60.2	70.4	63.2	83.2
90.0	69.5	83.5	98.9	87.7	95.6	68.7	0.0	56.0	74.3	58.0	95.0	66.2	89.6	84.5	68.5	64.1	70.8	71.3	94.5
83.9	67.5	91.3	63.5	97.1	68.7	91.1	70.2	0.0	70.1	74.7	60.4	82.2	94.3	80.0	65.8	94.2	71.7	75.9	61.1
97.7	61.5	57.7	73.6	90.1	92.3	97.5	61.6	82.1	0.0	96.6	77.4	89.1	64.4	82.0	67.4	57.9	58.2	69.7	90.1
72.7	68.2	81.7	75.6	76.7	85.7	94.0	65.3	85.7	74.3	0.0	78.8	83.1	76.7	60.9	91.9	72.8	86.2	77.8	72.9
72.4	73.8	89.1	60.6	65.2	88.9	62.1	58.4	74.7	87.5	93.8	0.0	59.2	72.9	76.9	73.1	67.9	78.9	61.5	61.9
79.0	69.6	86.2	76.7	58.0	70.5	63.9	67.1	66.1	90.9	69.5	87.7	0.0	60.6	63.6	59.4	84.2	87.8	95.9	84.7
95.4	97.0	69.8	55.1	99.7	68.3	80.4	86.5	96.7	61.0	63.7	58.8	77.2	0.0	88.2	89.4	87.5	60.2	76.8	84.2
82.9	83.3	59.8	81.0	68.8	98.9	94.7	87.7	85.9	65.2	95.5	98.5	91.6	88.1	0.0	89.9	76.5	71.3	70.5	96.5
99.2	93.2	94.0	67.9	84.6	81.1	73.8	56.4	64.4	75.1	78.6	73.3	97.3	79.2	91.3	0.0	93.1	98.9	69.7	68.2
65.8	92.2	57.7	92.4	61.7	67.8	91.5	67.1	69.2	87.6	91.1	61.1	68.6	65.8	86.7	71.9	0.0	75.1	59.7	58.9
76.1	60.0	88.1	83.1	98.8	64.8	72.0	68.8	71.3	99.7	90.2	58.3	73.7	87.9	83.9	98.4	99.2	0.0	76.2	91.8
69.1	62.2	91.5	90.6	72.3	77.9	85.4	73.1	77.9	67.8	60.5	61.7	91.7	65.5	94.8	76.2	64.5	91.9	0.0	63.0
70.2	70.8	99.9	87.7	59.0	87.1	90.2	72.0	99.1	67.0	76.0	79.3	59.8	69.6	93.0	73.8	57.6	55.3	99.5	0.0
0.0	65.6	66.1	88.3	83.4	97.9	96.6	56.6	56.8	64.5	88.9	78.1	57.4	99.1	73.4	70.4	81.9	76.1	73.1	68.6
78.3	0.0	92.3	97.6	94.3	62.9	97.9	98.6	81.1	88.5	69.3	57.1	69.8	87.8	84.6	70.2	88.1	57.9	60.3	57.1
90.5	96.1	0.0	88.9	85.4	60.1	81.7	97.9	81.7	82.0	93.7	94.2	90.6	73.2	68.7	57.9	78.1	98.9	83.7	78.1
80.5	81.3	100.0	0.0	94.2	67.5	61.5	91.8	91.4	94.4	79.1	95.4	81.9	73.9	81.4	98.6	61.0	65.7	85.8	65.8
85.4	76.5	86.2	67.4	0.0	98.7	89.5	88.1	90.6	95.8	93.9	75.9	70.4	64.0	64.4	69.5	82.0	67.8	78.5	76.6
94.1	60.6	68.5	90.0	58.9	0.0	82.0	61.6	99.8	96.7	58.1	64.9	59.1	62.0	77.6	92.2	64.7	59.8	70.7	80.4
58.9	59.9	82.7	89.1	83.8	68.5	0.0	72.5	72.4	71.4	91.5	83.2	70.8	83.7	62.8	73.4	67.1	98.2	57.7	59.2
93.1	77.2	89.9	73.5	75.9	67.8	98.1	0.0	83.3	66.9	79.1	77.3	74.6	82.4	83.7	68.0	60.2	56.3	86.1	98.8
60.7	74.8	86.4	58.1	75.9	93.5	96.0	88.6	0.0	97.9	81.0	63.7	81.0	65.8	56.1	94.7	91.2	72.5	90.3	80.2
91.1	63.4	99.5	58.1	59.5	75.1	90.0	55.0	77.2	0.0	56.5	75.4	83.5	91.7	99.8	71.3	58.5	57.7	70.8	98.2
62.2	77.0	93.9	62.2	65.9	63.1	68.8	88.2	87.4	86.6	0.0	90.6	57.4	56.4	88.2	76.7	56.4	93.0	59.9	57.9
62.3	69.0	68.5	88.1	92.3	91.8	56.3	90.7	97.5	78.7	79.0	0.0	60.5	56.1	61.2	81.9	69.1	67.2	76.2	82.8
80.8	77.3	70.7	81.0	89.7	68.7	58.3	80.3	90.5	58.7	80.0	72.0	0.0	58.0	61.9	59.4	64.4	71.1	90.3	81.3
79.7	70.0	63.6	56.1	68.8	99.9	92.7	95.0	56.4	71.5	63.1	57.7	55.9	0.0	67.5	62.0	78.7	87.1	58.1	62.7
79.7	80.2	68.6	92.5	88.7	90.2	59.5	77.3	89.4	98.6	58.0	96.1	78.3	83.1	0.0	80.5	65.0	57.8	64.9	84.7
83.3	61.5	66.5	69.7	87.8	92.4	67.9	78.3	83.8	78.0	99.2	87.0	96.3	94.0	74.4	0.0	67.8	99.2	58.0	72.3
77.1	95.4	99.1	71.6	79.5	88.6	62.3	82.1	75.4	61.8	75.9	98.2	82.5	65.7	78.6	75.6	0.0	99.4	90.9	67.7
98.0	83.0	86.3	87.9	81.7	98.8	75.1	95.7	84.6	88.7	75.4	66.3	67.0	63.8	63.3	99.7	95.6	0.0	85.9	83.9
68.3	96.9	84.7	75.6	91.3	66.8	89.4	57.0	97.1	74.1	65.3	83.2	98.0	75.1	57.1	56.3	95.7	84.0	0.0	70.7
56.5	65.4	76.9	71.9	86.7	58.8	74.2	57.8	76.2	60.8	89.1	62.0	94.8	86.9	82.2	77.0	65.9	69.1	95.0	0.0
0.0	98.8	59.2	97.2	60.3	85.1	85.3	94.0	91.4	76.4	63.0	64.5	72.6	72.7	83.6	99.6	96.9	77.5	78.0	77.9
68.9	0.0	78.7	67.1	71.1	83.7	67.4	71.3	80.2	97.7	79.3	73.9	84.5	55.3	87.0	73.7	70.2	89.4	56.3	85.9
76.8	58.7	0.0	68.3	66.6	82.0	74.0	97.4	58.8	75.4	99.0	89.8	72.6	78.2	98.4	76.9	83.9	62.4	96.9	81.1
73.6	96.7	85.1	0.0	97.1	65.9	58.6	65.4	78.1	89.6	76.9	58.4	82.0	72.2	85.5	73.3	60.6	60.5	74.3	59.3
93.4	87.3	88.1	82.2	0.0	71.6	57.9	63.5	82.0	69.7	83.1	87.7	63.7	98.4	68.0	66.1	96.3	71.1	72.4	84.0
61.6	63.1	73.7	63.6	86.4	0.0	63.2	84.5	56.9	62.5	81.6	76.7	91.6	80.4	59.2	97.0	59.8	97.1	76.6	79.1
99.3	56.6	74.0	70.4	74.9	76.2	0.0	66.1	63.7	85.1	99.4	64.0	58.6	74.4	81.6	76.0	97.6	74.3	68.3	92.8
93.0	84.9	55.1	88.3	63.2	88.1	72.7	0.0	74.5	66.3	74.8	61.2	69.5	93.8	57.1	58.5	78.5	94.5	98.8	86.3
55.5	70.0	98.1	67.3	87.9	55.9	57.1	77.4	0.0	96.2	90.2	63.8	88.7	93.6	96.8	84.5	86.2	72.4	83.8	86.8
77.6	69.2	72.6	88.6	92.7	99.3	82.4	59.7	81.2	0.0	57.5	65.0	70.0	76.6	75.8	98.1	92.5	63.0	97.2	89.0
96.2	96.2	97.5	67.5	74.5	94.0	67.2	66.2	55.6	76.2	0.0	57.8	75.0	56.7	97.7	61.3	59.5	91.5	91.3	73.8
55.4	79.4	94.8	97.9	93.0	67.6	66.8	63.2	94.2	91.9	72.0	0.0	66.7	59.6	58.0	87.4	67.0	63.2	72.3	56.3
98.3	57.5	78.1	59.8	75.0	71.0	91.7	60.9	57.8	81.7	80.8	91.1	0.0	76.1	71.4	84.1	97.9	62.4	90.5	97.5
71.1	81.5	77.2	93.5	81.6	71.0	99.4	72.4	91.0	79.0	90.6	72.9	93.5	0.0	69.9	59.3	90.0	83.8	85.8	61.3
64.2	98.1	69.1	78.7	56.2	85.4	88.5	67.4	56.9	85.2	73.7	75.6	78.5	83.6	0.0	72.9	66.2	78.1	70.9	80.0
82.4	86.5	72.4	97.8	96.1	91.7	76.7	78.5	81.3	56.7	56.7	93.6	85.8	63.2	74.6	0.0	84.5	70.9	58.1	62.5
97.3	78.7	64.2	76.1	66.6	66.2	56.7	78.9	98.5	64.7	88.6	82.4	69.8	85.7	94.8	68.9	0.0	94.4	88.4	98.7
62.1	64.1	95.6	97.7	64.4	55.8	84.1	66.1	56.6	93.9	77.0	70.8	66.8	68.4	60.9	88.2	90.0	0.0	83.6	91.0
60.2	63.7	79.6	74.5	91.0	62.3	79.7	93.1	75.1	95.9	91.2	74.8	68.9	78.9	89.6	93.9	94.1	77.1	0.0	63.9
71.6	96.7	82.8	58.5	61.8	71.1	96.3	68.0	75.2	85.9	80.4	61.5	94.2	84.0	80.0	68.6	64.4	100.0	60.9	0.0
0.0	86.7	98.9	60.6	75.0	74.3	97.1	87.3	68.8	61.6	91.7	78.6	62.8	63.9	97.3	83.7	69.8	87.8	70.1	93.5
55.2	0.0	67.0	75.0	92.5	67.5	93.7	90.6	94.5	94.3	59.1	57.6	77.4	55.3	89.6	94.0	60.0	96.6	89.7	61.2
99.9	85.5	0.0	96.1	64.3	59.2	92.7	63.6	99.2	58.1	72.1	84.9	61.6	90.3	92.3	77.2	95.3	75.0	80.2	84.0
94.9	79.3	63.7	0.0	81.0	67.2	92.0	55.8	86.2	68.7	85.0	72.9	76.6	68.6	63.4	75.6	74.9	76.0	67.9	67.2
56.6	88.0	88.0	60.0	0.0	68.2	95.4	61.5	93.7	84.2	74.7	97.3	73.6	60.9	66.6	88.3	88.4	96.8	81.1	58.7
76.7	89.1	82.6	99.8	89.6	0.0	76.2	75.7	62.6	59.2	67.6	60.0	57.7	97.3	82.8	87.3	76.0	68.5	97.2	89.0
73.7	63.2	91.8	95.5	62.3	59.2	0.0	63.1	86.9	85.3	83.1	68.4	97.3	86.6	68.7	72.0	93.3	78.6	79.2	64.0
93.4	92.2	74.4	68.0	79.9	79.1	69.8	0.0	78.4	94.9	98.2	65.1	85.4	96.2	71.1	84.8	81.2	56.7	56.0	85.1
74.8	87.6	76.3	94.3	69.4	92.5	83.3	77.1	0.0	98.6	59.2	86.7	60.1	79.6	92.4	57.9	68.1	58.0	91.0	57.2
82.2	56.4	87.3	76.5	90.3	64.7	76.3	98.5	72.2	0.0	74.2	97.3	64.2	99.0	63.8	57.1	73.1	70.5	98.3	99.7
96.3	87.7	66.7	56.0	96.1	85.4	82.6	63.6	95.6	59.3	0.0	92.4	88.7	88.2	85.6	96.6	59.2	82.2	61.6	59.7
85.3	91.9	61.2	74.9	74.0	73.8	92.9	96.9	84.2	91.6	63.1	0.0	91.1	88.4	68.9	73.8	97.5	76.5	78.9	72.2
77.3	75.6	57.8	74.4	82.7	78.2	98.0	64.8	78.3	78.4	97.9	98.2	0.0	77.3	73.9	78.7	88.5	58.0	69.1	95.6
100.0	58.0	84.1	78.7	56.9	69.9	61.1	87.4	83.9	66.4	87.6	92.0	76.1	0.0	84.6	81.0	58.6	70.9	99.9	74.5
85.9	98.8	89.4	66.4	97.0	96.8	81.8	63.9	99.5	62.6	61.9	81.8	90.9	90.4	0.0	63.2	62.4	95.9	94.1	62.5
57.5	73.7	89.5	88.0	99.2	79.2	92.3	57.8	72.8	74.8	70.1	84.8	94.3	90.2	80.1	0.0	92.1	87.3	79.1	82.7
88.7	85.6	85.1	99.6	62.8	74.3	56.3	77.4	69.7	72.0	79.4	91.9	98.7	99.5	88.9	85.8	0.0	79.2	63.1	83.0
58.9	94.8	95.9	57.3	96.4	97.7	93.5	62.5	93.1	89.5	77.3	60.8	67.6	74.1	68.4	86.0	84.7	0.0	67.0	77.8
73.0	57.3	88.3	78.9	61.0	65.0	94.2	57.1	98.2	66.6	89.0	69.2	97.5	82.1	75.9	77.4	96.4	82.2	0.0	96.8
97.7	68.4	88.3	84.1	69.5	82.3	84.2	73.0	60.7	88.0	82.8	87.7	65.6	78.0	63.9	74.8	72.8	66.9	73.2	0.0
0.0	62.7	94.3	96.4	70.2	81.3	83.6	76.0	95.9	59.6	88.0	98.9	63.5	79.4	68.4	69.8	65.4	72.0	76.7	64.8
60.8	0.0	69.1	91.1	92.3	94.1	90.6	92.5	79.9	77.2	64.4	88.1	85.4	73.3	87.1	93.7	63.1	65.3	80.1	79.5
91.2	98.4	0.0	56.4	71.6	92.9	70.0	70.5	88.0	100.0	68.2	79.4	78.2	75.3	68.6	88.5	85.4	85.3	89.5	83.9
55.9	63.1	70.7	0.0	62.5	94.3	71.4	78.2	68.4	80.8	78.6	71.5	73.5	65.3	96.3	68.2	78.5	89.2	96.1	95.8
90.5	70.4	87.5	95.4	0.0	79.0	63.0	79.2	87.6	76.5	66.6	84.5	88.7	59.8	92.5	73.8	59.1	59.3	98.0	63.7
70.5	96.4	62.3	65.2	85.0	0.0	80.9	77.9	74.8	57.1	99.8	76.0	86.8	90.1	57.0	88.4	68.0	62.3	94.9	67.4
98.4	61.1	58.8	57.6	76.6	69.4	0.0	88.1	64.6	67.2	65.7	96.5	94.1	60.9	57.1	85.8	68.2	96.7	65.7	82.7
75.8	99.5	61.3	89.8	61.0	55.2	70.1	0.0	60.4	61.3	82.9	93.6	65.2	71.0	88.8	70.3	88.5	82.3	99.7	74.6
74.0	97.3	62.5	73.1	92.2	90.9	60.4	69.4	0.0	99.4	94.2	59.1	70.3	63.9	85.0	68.9	83.9	82.8	69.0	94.1
56.4	68.5	96.8	66.7	68.7	67.7	79.5	89.2	92.0	0.0	70.8	57.0	91.5	86.5	93.5	56.0	76.6	63.2	92.3	94.8
75.3	65.0	91.4	99.7	85.5	86.2	62.8	74.8	90.0	56.5	0.0	66.8	91.0	87.6	71.2	84.2	82.7	99.8	69.2	75.3
79.8	98.6	71.5	81.1	70.1	82.6	89.8	59.0	76.0	88.7	97.9	0.0	69.8	93.0	74.0	86.7	71.0	90.3	66.2	66.2
85.3	87.6	71.1	62.9	55.4	58.1	76.7	81.3	89.9	88.0	93.0	67.0	0.0	93.1	65.7	98.9	78.0	90.6	63.2	74.5
97.5	83.2	89.5	69.5	77.3	59.4	97.5	63.4	97.7	95.1	60.2	78.3	81.6	0.0	85.8	75.8	79.6	77.6	64.3	79.4
73.4	90.8	91.8	62.4	79.6	59.3	67.0	59.2	72.2	77.0	98.3	81.3	98.4	58.6	0.0	93.5	76.3	71.4	73.1	64.1
57.8	64.1	80.3	69.9	85.0	96.7	76.8	95.9	60.5	72.2	76.1	71.5	94.8	59.0	90.1	0.0	70.9	85.3	62.5	83.7
77.5	57.6	80.5	94.5	58.3	81.1	82.6	87.1	76.1	84.6	72.4	95.4	59.1	56.0	87.2	91.6	0.0	66.2	76.8	82.1
67.3	73.2	96.8	99.5	83.1	57.5	97.0	66.9	60.9	65.6	97.1	61.2	96.9	70.8	75.5	73.6	91.6	0.0	74.2	86.2
55.4	75.8	77.0	61.7	61.6	60.1	79.7	65.0	79.2	72.8	97.3	59.1	89.4	78.1	70.3	69.8	85.5	83.3	0.0	76.4
81.3	55.2	63.7	61.1	82.2	77.3	81.4	87.4	78.2	66.4	94.5	69.4	93.5	56.5	69.8	79.4	94.7	79.5	88.4	0.0
0.0	92.5	87.6	92.1	75.7	86.9	95.5	85.1	94.6	98.0	63.9	56.3	82.0	76.8	73.0	79.4	99.1	86.9	72.3	87.3
90.1	0.0	60.8	70.5	95.8	55.9	86.3	83.2	85.9	77.0	96.3	95.7	74.5	75.7	79.8	82.9	66.6	93.8	74.3	81.4
57.1	71.1	0.0	94.6	62.0	57.0	55.3	78.7	67.3	62.7	55.5	92.1	62.4	93.9	72.7	68.5	73.5	87.9	83.2	90.8
62.3	98.0	100.0	0.0	66.9	75.2	75.9	67.4	68.9	75.3	56.4	56.5	80.6	66.2	97.0	98.7	85.5	89.2	86.2	86.4
65.4	68.1	91.8	72.8	0.0	76.0	73.4	75.0	80.5	72.0	61.7	80.5	77.4	64.6	63.2	86.6	72.3	93.7	69.4	57.0
97.3	79.5	56.5	82.5	89.8	0.0	85.8	74.7	99.0	61.7	65.6	83.4	75.6	64.2	82.4	83.2	85.2	66.0	71.8	66.4
57.6	55.1	84.6	81.2	71.6	62.9	0.0	70.7	91.4	65.9	80.9	74.6	67.4	95.9	76.9	64.2	75.3	86.7	96.6	90.3
82.1	71.7	71.8	55.8	58.9	88.9	84.0	0.0	96.2	68.4	65.7	62.2	60.9	66.2	70.7	67.7	94.1	84.8	72.9	62.4
95.5	78.4	94.1	58.3	59.4	72.5	86.1	78.5	0.0	84.6	60.8	61.7	89.9	65.0	99.9	89.4	66.7	66.9	94.2	81.4
88.3	56.2	84.8	71.2	93.7	66.1	66.5	82.4	64.7	0.0	98.8	77.9	65.3	84.1	95.5	72.1	95.5	81.6	65.4	77.4
98.9	61.1	57.8	79.3	60.1	82.2	99.7	60.3	83.6	80.0	0.0	66.2	88.9	66.0	67.1	92.1	99.9	94.9	57.3	74.5
91.9	72.9	73.1	75.3	81.7	80.7	78.8	61.8	98.1	84.2	73.0	0.0	90.3	55.4	60.4	85.3	63.4	94.4	68.6	59.8
61.0	59.4	87.4	79.7	88.5	85.4	77.9	87.4	59.4	61.0	62.1	66.1	0.0	84.4	68.1	84.7	82.8	96.2	55.1	64.8
55.6	85.7	69.7	69.7	98.6	86.5	83.3	74.6	63.5	73.6	64.2	75.1	80.3	0.0	66.7	60.6	96.2	86.3	82.2	83.9
82.4	66.4	72.6	82.3	55.7	99.1	79.3	70.4	84.8	76.7	80.4	74.7	68.7	81.2	0.0	87.6	58.6	72.4	67.8	87.4
71.1	78.7	67.1	62.8	87.5	72.4	80.8	84.3	90.1	60.2	94.1	85.1	65.4	85.1	80.1	0.0	92.8	68.2	96.3	84.7
80.0	57.9	77.4	78.0	84.6	58.8	55.7	88.7	79.5	97.2	72.3	95.7	66.4	98.0	83.3	61.6	0.0	69.8	59.4	77.7
81.9	91.9	84.7	83.1	90.7	82.6	96.5	74.8	90.2	82.9	56.1	80.6	81.9	90.7	57.1	57.2	80.5	0.0	60.3	80.9
58.0	88.1	93.1	87.2	90.0	83.4	65.3	62.3	90.6	70.8	78.9	65.2	95.4	61.7	86.6	61.2	89.5	92.8	0.0	94.9
78.2	62.1	92.2	75.2	89.5	92.3	55.2	68.4	62.4	78.7	92.9	96.7	78.0	88.1	82.7	88.9	57.2	98.5	75.9	0.0
0.0	71.4	98.2	89.7	82.4	67.0	81.0	86.7	60.3	96.4	89.8	93.9	67.0	57.4	94.7	73.2	61.2	94.7	79.2	72.7
79.6	0.0	56.6	87.4	61.4	83.1	76.6	82.2	67.5	84.3	68.0	74.3	68.5	56.6	65.9	75.7	92.5	89.0	91.2	82.1
60.1	93.6	0.0	89.5	64.7	84.9	98.9	66.2	78.3	82.1	58.9	84.3	80.7	71.8	85.4	95.4	79.9	97.2	78.4	59.5
82.2	73.4	96.1	0.0	76.5	74.1	94.6	66.3	82.1	79.4	96.3	69.9	66.1	85.6	58.8	85.2	80.5	73.9	81.6	93.3
80.6	81.2	89.1	69.7	0.0	56.9	57.4	59.8	87.6	64.2	55.2	62.1	79.8	77.0	66.5	72.4	65.7	63.9	88.4	63.4
88.6	74.3	66.2	70.6	88.2	0.0	94.3	83.7	67.8	77.1	69.6	83.2	99.4	89.4	94.1	71.7	87.2	86.1	90.4	55.3
85.4	80.4	69.9	83.1	73.0	63.8	0.0	71.6	85.9	97.6	85.5	55.5	93.3	81.2	84.6	64.3	92.4	55.3	68.5	65.2
93.6	89.4	56.2	61.0	73.2	71.9	86.0	0.0	76.9	77.2	64.9	70.2	96.3	74.1	96.5	73.6	64.4	90.3	63.9	68.4
69.6	80.8	97.7	58.1	78.0	66.8	82.2	95.5	0.0	99.8	96.3	95.4	85.7	97.2	56.1	88.0	92.2	83.9	67.1	95.3
99.3	81.6	71.3	99.2	65.5	79.7	96.9	81.2	77.0	0.0	95.5	58.1	61.5	69.4	59.9	81.4	97.2	70.0	70.0	93.6
65.3	99.6	83.3	59.2	99.4	86.8	74.9	98.3	71.4	89.6	0.0	87.4	95.3	55.7	70.7	88.5	78.1	84.0	71.5	73.8
86.8	91.5	88.3	92.0	72.8	85.2	74.6	60.7	99.3	85.0	64.8	0.0	56.8	71.0	87.6	75.1	82.5	91.1	64.6	75.5
95.3	74.2	94.6	92.1	83.8	57.4	61.9	56.1	58.0	88.0	63.2	79.1	0.0	56.3	63.0	73.4	98.8	94.3	57.6	71.7
72.6	95.6	56.2	57.1	82.2	81.6	59.2	90.4	77.5	58.9	78.3	82.7	82.9	0.0	60.6	89.2	83.5	79.0	64.3	63.5
74.9	63.0	82.2	76.9	76.1	69.4	61.2	95.7	81.0	72.1	62.7	87.3	59.8	62.9	0.0	59.2	82.4	96.7	79.2	88.8
80.8	59.5	68.2	76.7	95.9	65.4	96.7	94.8	85.5	72.5	63.4	64.7	98.4	94.4	96.2	0.0	80.2	66.6	68.0	56.6
57.9	68.6	77.5	87.1	78.2	58.8	78.7	75.0	69.3	74.3	85.2	97.5	97.7	63.8	70.0	71.1	0.0	82.5	79.0	73.4
93.6	73.8	61.7	75.7	99.5	63.5	95.2	71.8	70.6	63.9	75.3	78.3	63.2	84.1	69.6	85.1	69.5	0.0	87.6	59.2
62.7	61.8	83.0	96.6	96.1	85.0	89.5	81.4	70.9	81.8	72.5	72.2	81.0	57.7	57.7	60.7	95.3	78.9	0.0	70.8
89.8	60.6	75.6	78.0	71.2	93.1	66.6	91.3	88.7	94.9	66.2	95.9	77.0	62.6	59.3	73.4	59.8	86.3	96.9	0.0
0.0	82.4	91.7	66.9	99.4	90.9	69.1	87.6	90.3	68.6	61.9	75.3	78.9	63.0	68.3	98.6	76.8	85.2	67.7	59.2
65.3	0.0	75.7	77.6	84.0	71.0	58.9	99.7	62.7	89.7	66.0	66.5	64.6	77.0	77.8	85.7	77.1	55.9	71.4	75.4
65.9	79.5	0.0	74.5	56.2	66.8	72.6	66.7	69.7	63.0	76.2	91.6	73.5	98.9	88.9	82.9	90.7	92.3	94.6	55.4
83.1	77.2	82.7	0.0	55.5	82.9	69.8	89.6	79.8	60.8	81.2	97.4	64.5	60.4	66.4	62.8	73.0	79.7	72.5	82.7
60.5	56.3	85.0	59.2	0.0	99.2	62.5	62.1	97.7	98.4	72.3	99.6	69.3	73.0	86.6	72.7	89.3	94.6	85.1	69.7
60.7	59.5	76.2	89.7	71.6	0.0	66.9	91.1	56.8	68.6	84.6	81.4	79.2	80.0	85.8	82.0	62.4	63.4	94.7	69.0
64.4	57.2	96.6	87.9	67.7	71.7	0.0	58.3	56.3	72.0	88.9	97.8	60.0	88.1	82.9	76.1	76.5	83.3	62.8	85.8
79.3	79.8	61.6	63.9	72.7	57.8	58.8	0.0	68.9	57.1	91.2	99.0	76.0	75.4	73.4	87.8	72.1	86.7	58.3	79.1
96.6	97.1	58.5	67.6	69.7	72.3	64.7	77.9	0.0	98.3	93.7	97.7	87.0	58.2	83.7	84.7	60.9	59.5	91.8	84.6
62.2	69.9	60.5	69.6	68.4	85.7	74.7	85.0	69.9	0.0	71.1	75.2	95.3	90.1	60.8	78.6	87.2	95.7	70.3	58.0
89.8	73.3	57.3	56.0	63.8	85.0	70.2	72.1	63.8	80.6	0.0	93.6	67.2	88.0	69.2	63.5	99.1	78.0	78.5	60.6
85.7	84.8	81.6	69.6	55.5	89.7	58.3	84.5	94.8	96.7	78.0	0.0	74.9	71.0	64.5	67.7	96.5	55.8	89.3	88.8
88.4	86.2	59.8	64.8	88.0	95.7	78.4	66.3	75.2	70.7	80.3	80.0	0.0	80.6	89.4	61.8	67.8	87.7	81.9	81.6
63.5	93.6	96.4	96.6	66.2	81.2	73.9	97.7	82.2	67.4	92.2	68.9	98.1	0.0	63.8	67.4	56.5	69.7	90.2	73.7
95.3	73.4	96.1	59.7	88.4	68.7	65.1	58.4	75.4	69.6	55.3	69.0	91.8	67.0	0.0	60.3	58.2	86.0	78.6	56.8
84.0	99.9	65.6	73.3	96.4	99.0	88.4	60.1	85.5	93.7	56.2	55.1	83.8	87.0	57.4	0.0	64.8	87.2	77.4	87.5
69.0	97.8	77.7	69.6	70.1	66.6	72.8	74.8	57.6	94.0	65.7	91.2	80.2	98.8	88.8	100.0	0.0	71.7	64.1	89.9
82.1	95.6	75.7	99.6	93.9	85.0	94.4	89.1	60.4	72.0	63.7	98.4	74.5	71.0	87.1	89.2	63.1	0.0	85.7	64.6
82.2	98.5	58.1	86.4	93.6	57.8	59.8	56.8	89.8	67.1	58.1	86.0	62.5	89.5	68.6	98.1	76.7	55.9	0.0	68.3
59.2	85.0	58.5	58.8	83.0	68.8	96.7	57.4	69.6	72.3	83.2	83.6	95.8	73.0	95.7	90.3	56.2	58.6	65.7	0.0
0.0	55.1	91.0	83.6	65.5	59.5	88.0	68.6	85.5	62.5	64.8	86.3	89.1	79.5	95.7	78.4	99.4	97.6	69.1	56.3
72.1	0.0	77.8	98.0	93.0	82.8	74.4	59.0	99.1	59.4	74.5	89.3	81.5	73.5	63.0	78.6	99.5	94.4	59.5	91.1
60.8	76.0	0.0	100.0	92.3	60.0	94.0	66.5	55.1	72.3	55.5	92.7	79.9	96.3	56.7	91.8	81.7	59.5	77.5	81.9
59.5	55.3	72.9	0.0	87.2	65.5	85.9	62.1	88.7	90.6	88.0	80.7	78.4	98.7	74.2	60.0	72.4	97.8	89.4	73.5
98.4	94.5	58.0	81.9	0.0	81.5	55.0	59.6	90.3	67.4	96.1	78.6	65.5	86.8	89.2	71.5	96.4	65.1	97.0	60.3
67.7	61.9	65.7	97.3	71.2	0.0	92.3	80.2	56.6	73.4	85.6	72.0	61.8	72.5	60.4	90.6	55.8	74.2	91.8	82.5
93.2	97.2	80.9	73.1	57.1	63.6	0.0	96.3	80.1	68.5	81.9	93.7	95.5	66.4	71.9	81.0	77.9	67.7	65.5	69.1
81.5	57.5	92.6	61.3	63.2	83.8	82.9	0.0	96.9	84.6	64.7	92.9	83.7	93.4	60.6	85.3	80.1	77.9	80.9	75.1
72.3	87.2	56.8	81.7	83.3	84.8	79.3	71.6	0.0	98.1	79.0	55.2	88.6	96.3	92.1	63.2	71.9	68.4	77.0	74.5
66.8	60.4	91.6	74.7	66.9	97.6	89.0	75.9	88.6	0.0	85.0	58.7	71.8	69.4	64.7	97.2	77.1	85.4	75.9	81.9
58.8	58.4	95.2	99.1	99.0	91.6	88.3	82.5	86.5	58.6	0.0	99.4	93.7	85.4	84.7	81.8	64.9	79.1	95.4	66.6
92.0	75.7	95.6	94.9	92.4	70.5	84.7	88.0	55.1	93.4	99.4	0.0	81.1	74.3	59.9	58.0	77.7	79.3	91.8	81.3
61.7	92.2	55.4	72.9	88.3	55.1	89.3	66.8	96.4	57.0	82.4	93.1	0.0	63.6	65.5	60.2	87.5	57.6	95.7	71.8
70.1	56.3	81.5	78.4	72.7	59.6	91.8	55.8	59.4	83.6	81.8	97.1	66.1	0.0	70.7	58.8	73.7	84.3	67.3	66.4
87.5	74.2	87.6	60.5	70.2	64.8	57.4	87.1	75.8	98.4	80.9	77.6	89.2	75.1	0.0	76.4	66.8	71.7	85.7	55.3
90.3	57.4	90.6	95.1	67.8	63.8	78.4	93.6	99.0	77.9	70.2	82.5	97.0	57.3	61.0	0.0	88.0	77.9	88.1	87.2
71.8	69.6	67.0	81.5	91.8	97.5	77.2	84.5	89.7	82.3	65.2	81.6	63.5	81.6	61.7	57.5	0.0	98.5	98.8	57.1
99.8	86.8	56.7	68.3	75.1	76.2	84.6	68.1	62.3	80.5	81.3	82.1	99.4	72.1	91.2	94.0	64.6	0.0	91.1	61.0
67.2	68.5	56.7	62.9	70.6	80.3	89.6	83.7	92.9	66.4	65.7	76.7	90.0	77.9	83.4	62.5	86.7	64.3	0.0	59.5
91.0	74.3	57.3	86.6	81.0	80.4	90.6	68.8	81.4	76.8	69.0	87.8	74.1	85.4	87.7	81.7	58.4	89.8	77.6	0.0
0.0	55.1	50.0	51.3	53.1	45.5	48.4	51.2	48.8	43.2	54.0	58.6	46.9	53.8	41.0	45.4	55.2	58.1	44.9	48.1
54.4	0.0	48.5	44.7	45.4	44.7	48.8	48.0	59.8	47.4	41.3	50.1	60.8	47.8	52.9	51.0	56.9	48.2	53.5	55.2
43.7	43.2	0.0	45.4	42.9	56.6	54.2	50.6	44.1	59.5	42.9	56.6	42.3	58.4	56.1	54.5	55.2	47.8	59.6	49.9
42.2	60.0	44.4	0.0	57.8	49.5	48.8	60.6	55.7	49.2	52.8	47.0	43.0	41.2	45.8	42.2	49.4	49.3	52.7	55.0
43.5	60.7	55.0	48.5	0.0	49.9	41.6	50.2	45.8	60.5	59.2	41.7	50.3	47.9	45.4	53.1	52.9	60.7	48.3	55.9
51.7	44.1	41.5	54.3	47.8	0.0	49.8	48.5	49.7	48.6	52.5	44.1	43.7	51.1	58.5	50.7	60.0	57.5	60.9	50.7
46.0	54.2	54.4	42.3	60.7	51.6	0.0	53.3	57.7	54.1	53.1	46.3	54.5	58.6	51.6	60.0	59.8	46.9	52.6	42.1
49.3	50.9	59.8	59.7	58.8	50.9	58.2	0.0	51.6	46.1	45.4	53.5	60.5	42.7	45.4	54.3	49.2	47.0	47.8	60.9
45.4	51.4	56.0	55.9	48.4	54.8	55.4	51.7	0.0	48.0	53.8	60.4	58.6	50.6	51.7	43.4	45.7	42.2	44.4	41.7
43.8	56.5	42.6	59.1	47.2	54.2	51.2	60.0	56.0	0.0	54.8	41.4	49.7	51.1	50.6	49.4	51.5	42.5	41.9	52.2
56.8	44.1	51.4	45.2	42.6	51.7	59.3	43.0	49.4	43.0	0.0	49.6	48.8	48.8	59.3	48.0	55.1	46.0	58.8	54.8
60.2	52.0	54.1	41.1	41.6	44.1	49.5	53.5	52.4	59.5	48.4	0.0	44.9	43.1	55.5	48.2	56.3	53.8	44.2	43.0
59.7	44.2	52.9	57.6	46.3	41.1	57.1	49.9	55.2	49.2	42.3	44.8	0.0	54.6	54.1	53.9	41.7	49.6	47.4	45.4
56.9	42.7	57.4	41.6	47.6	42.4	56.1	43.3	49.5	56.2	58.7	58.6	54.5	0.0	50.8	60.7	45.4	41.9	45.0	42.2
56.3	43.1	51.1	43.9	44.5	56.6	43.3	47.4	55.7	51.1	54.9	43.0	56.3	59.6	0.0	60.8	42.1	44.5	52.7	49.1
60.9	51.9	43.0	52.8	45.5	41.5	55.1	49.4	49.2	54.1	46.3	44.0	50.4	53.2	58.9	0.0	56.8	54.2	57.3	59.7
52.1	47.3	53.0	56.9	52.2	58.2	45.1	44.0	55.6	55.9	58.4	43.4	61.0	48.7	58.2	41.5	0.0	47.9	58.7	60.8
45.1	60.7	46.3	54.3	52.7	60.6	57.9	59.9	58.2	49.4	56.4	44.5	42.8	50.4	53.1	55.9	52.3	0.0	59.1	41.7
48.5	56.9	50.0	61.0	58.9	49.0	56.4	50.4	44.0	54.7	48.8	57.2	48.0	54.0	50.8	50.2	44.3	59.2	0.0	46.3
46.0	55.6	47.1	57.9	42.3	55.9	41.7	49.6	52.1	58.7	46.8	55.0	41.5	55.7	57.0	46.8	49.5	59.5	50.5	0.0
0.0	47.7	48.0	44.9	52.0	61.0	59.0	44.7	60.2	53.5	60.7	58.3	41.1	41.7	52.5	51.6	55.0	44.3	53.1	52.4
46.2	0.0	45.0	45.0	52.4	57.2	42.1	51.1	47.5	45.1	49.5	45.9	42.5	52.6	45.6	60.0	45.6	46.7	55.8	44.8
43.8	50.1	0.0	56.3	49.4	43.9	53.8	55.5	52.6	51.8	48.5	58.0	55.0	50.3	49.6	60.1	43.0	58.8	44.4	44.4
53.8	44.0	60.3	0.0	59.0	56.4	45.6	51.1	61.0	53.9	58.8	54.4	51.2	60.3	59.0	41.8	48.1	50.1	50.1	57.8
50.0	50.8	58.8	60.0	0.0	45.2	56.5	53.0	48.2	58.9	46.8	51.4	47.4	42.0	52.3	56.4	46.8	46.0	43.9	50.5
59.3	58.9	59.7	42.2	49.6	0.0	55.2	49.1	42.4	53.2	42.3	55.0	54.5	53.8	52.2	57.4	53.5	50.5	56.4	50.7
59.9	57.9	52.9	58.2	56.5	57.8	0.0	60.2	41.2	52.4	51.9	46.6	57.9	56.6	42.7	49.6	54.7	43.7	52.3	57.3
52.3	54.1	54.8	47.5	43.9	52.4	59.9	0.0	45.7	49.3	41.7	41.6	53.0	46.0	46.2	55.1	48.7	43.7	43.5	53.7
48.2	58.1	54.0	44.2	53.6	59.2	58.4	59.3	0.0	43.3	57.4	53.0	54.4	56.4	56.2	58.8	60.5	42.9	59.8	52.5
57.8	58.1	55.6	52.0	50.7	41.7	41.4	47.3	47.6	0.0	46.1	45.1	49.3	43.6	60.2	41.1	48.9	43.5	46.8	51.4
52.3	48.8	44.4	53.6	51.4	41.2	52.0	61.0	57.2	60.3	0.0	59.9	41.5	46.1	56.3	55.4	50.2	55.1	49.2	46.4
45.9	57.3	42.5	44.3	54.6	48.4	54.0	56.5	54.5	45.8	44.1	0.0	49.0	53.2	43.4	49.7	60.4	55.1	56.8	47.7
45.8	60.2	50.1	51.6	46.9	51.8	52.1	46.2	58.9	54.5	56.3	47.3	0.0	60.2	41.2	51.2	55.7	44.1	49.4	42.1
45.3	43.2	42.0	56.9	54.9	57.7	45.4	44.1	49.7	58.5	53.4	49.2	53.2	0.0	50.4	49.3	58.5	52.9	51.1	57.1
52.7	51.7	53.4	47.7	47.4	52.4	58.6	53.7	43.4	54.6	57.8	49.4	47.2	47.7	0.0	47.0	53.9	54.0	42.9	46.8
49.9	43.3	48.0	53.8	59.7	55.2	60.8	59.1	50.8	43.6	45.3	57.5	55.2	45.2	56.4	0.0	42.2	49.2	53.0	46.9
50.0	45.4	59.4	50.1	52.2	54.3	48.2	52.1	52.2	50.0	56.9	51.4	49.3	60.1	45.9	58.7	0.0	56.7	46.4	45.3
46.3	55.4	60.3	53.2	44.7	60.5	57.1	41.9	50.0	54.2	44.3	48.8	41.7	52.2	41.6	41.7	55.6	0.0	60.3	52.8
55.3	41.5	60.9	47.1	56.7	51.1	48.5	51.1	58.1	52.2	42.6	55.6	58.4	46.5	45.3	49.1	55.6	50.8	0.0	60.8
41.7	57.9	54.2	54.7	51.1	41.3	60.3	51.7	56.8	54.6	59.8	52.4	43.3	60.5	48.6	54.3	54.0	57.5	46.6	0.0
0.0	41.2	47.9	49.3	59.8	52.9	42.9	48.4	45.5	60.2	43.7	52.7	60.3	56.3	59.5	49.9	44.7	52.6	44.0	43.0
54.7	0.0	48.3	48.2	56.0	41.1	45.3	49.7	48.4	57.9	52.5	41.9	53.2	47.0	52.9	54.4	59.5	49.9	48.4	43.7
50.1	60.9	0.0	54.9	48.2	48.1	45.3	51.7	60.3	55.7	49.8	59.6	59.9	60.9	48.3	42.4	51.1	44.1	46.1	51.0
56.5	60.4	43.1	0.0	45.9	52.9	51.1	57.2	48.7	43.6	53.1	53.4	56.4	51.8	43.7	54.7	51.6	45.1	53.5	51.2
56.7	52.8	55.0	57.4	0.0	45.9	54.7	45.8	50.8	46.5	49.1	57.0	60.8	53.4	58.9	42.3	52.1	46.6	50.0	53.5
51.8	57.8	43.9	46.2	56.7	0.0	57.2	54.0	59.7	56.7	46.0	60.1	41.8	59.0	51.7	53.2	48.8	46.6	44.4	41.8
52.9	41.9	50.6	50.1	44.5	55.9	0.0	48.1	49.1	48.9	53.3	54.6	53.7	49.0	51.8	52.6	58.5	42.4	59.7	60.6
45.6	48.4	49.6	50.9	49.3	61.0	49.0	0.0	49.4	46.3	54.8	59.2	50.3	56.5	59.1	58.7	50.1	52.0	55.5	45.5
56.4	48.3	43.5	45.7	42.1	42.4	59.5	53.5	0.0	57.7	47.7	49.8	48.4	50.7	56.3	55.4	56.2	48.5	57.0	53.2
55.9	41.2	42.3	51.3	42.2	56.6	59.4	42.5	49.1	0.0	55.8	45.0	55.3	47.6	59.7	44.6	44.9	49.9	45.9	48.9
45.4	41.2	53.3	59.6	52.9	49.1	42.3	54.4	57.1	47.4	0.0	51.4	52.6	51.5	48.3	57.7	53.9	60.9	41.6	46.8
45.2	57.5	52.2	55.9	50.8	45.0	50.3	58.0	49.5	42.1	51.8	0.0	54.6	60.5	58.0	49.4	55.7	49.2	43.4	55.4
47.1	49.1	42.2	42.4	49.3	47.3	41.2	43.0	51.0	49.7	50.0	60.3	0.0	56.8	58.7	41.1	46.5	60.7	59.9	53.4
42.4	41.6	60.3	41.5	45.0	48.8	58.1	59.6	56.0	55.2	45.6	57.9	49.7	0.0	42.5	59.9	52.9	46.0	59.7	59.0
45.5	52.7	59.9	60.9	57.1	50.4	51.4	51.6	57.2	47.1	41.9	57.6	55.6	56.5	0.0	52.8	50.7	50.3	42.1	48.1
47.8	47.3	48.3	54.3	43.5	60.1	53.8	59.1	44.8	48.8	49.0	50.3	44.7	47.3	55.4	0.0	55.6	49.5	52.0	58.6
47.2	47.8	44.5	50.4	60.3	57.3	46.1	59.8	42.6	45.3	56.1	48.7	59.9	54.6	46.7	43.2	0.0	53.4	50.6	57.3
54.4	52.7	56.8	42.2	43.4	42.6	50.7	60.0	49.7	51.7	44.9	50.6	47.6	59.3	41.8	48.4	42.3	0.0	57.7	53.9
51.1	48.4	56.3	44.5	44.5	53.6	54.2	44.8	51.7	43.6	57.4	60.5	57.0	54.6	54.9	47.6	53.1	54.3	0.0	52.9
44.3	43.4	46.5	52.8	55.3	53.4	44.3	53.0	59.8	46.7	57.9	46.5	47.9	48.8	56.9	48.4	59.9	54.2	45.2	0.0
0.0	41.2	60.1	42.3	50.7	53.0	52.9	56.5	44.5	50.2	47.7	44.6	60.3	55.0	44.0	44.8	45.0	42.0	48.5	52.0
54.1	0.0	44.4	41.8	43.4	59.4	47.6	49.5	53.1	59.5	48.9	43.1	52.1	60.1	56.6	55.3	56.5	55.8	59.9	47.5
47.0	60.7	0.0	50.4	53.8	53.1	50.7	45.1	48.1	59.9	52.2	52.0	49.0	49.2	48.8	53.6	60.6	58.8	53.9	57.4
47.2	60.9	41.5	0.0	49.6	47.2	43.2	54.8	59.1	46.5	45.1	46.9	54.1	48.0	60.6	41.3	42.9	56.9	45.7	56.7
47.5	51.8	49.3	51.3	0.0	55.9	48.6	42.4	57.7	46.6	55.4	47.6	54.2	53.9	56.8	47.4	56.6	42.9	41.2	55.9
43.4	57.1	42.2	51.2	46.2	0.0	55.7	43.3	56.3	54.8	56.9	54.9	47.8	55.5	45.6	53.6	48.2	47.9	60.7	60.1
54.1	57.9	54.5	57.8	53.6	57.7	0.0	46.7	59.4	58.0	58.2	60.2	47.4	43.9	44.7	57.3	50.8	45.8	48.3	48.4
51.1	42.6	41.5	42.5	58.7	41.4	46.3	0.0	54.5	55.6	41.8	46.0	42.3	54.7	44.9	56.8	51.3	58.2	49.5	55.1
51.3	49.7	48.7	53.3	42.9	49.8	42.6	57.8	0.0	55.2	44.7	46.6	52.5	53.2	51.1	48.9	45.1	53.3	60.3	50.1
56.8	55.2	47.4	43.8	56.8	60.5	54.5	52.0	50.5	0.0	45.3	41.7	43.2	48.5	50.1	41.6	47.4	45.6	49.3	50.4
51.3	55.9	51.2	54.6	52.0	49.8	45.6	45.6	42.1	59.5	0.0	52.1	58.1	55.6	41.5	44.4	42.8	59.0	59.1	42.1
45.7	43.1	50.8	48.1	57.9	48.3	59.9	59.9	60.3	57.3	48.5	0.0	58.7	54.1	47.6	47.3	44.1	55.8	55.4	55.8
45.8	46.7	51.7	52.1	59.0	55.4	45.6	51.0	60.3	55.4	45.2	48.9	0.0	45.9	51.1	59.8	42.3	51.4	55.2	59.1
45.0	41.5	55.4	53.8	58.8	59.1	46.2	45.2	44.7	60.8	56.3	59.4	51.9	0.0	51.9	43.8	46.7	50.7	45.7	60.4
45.4	56.7	52.4	43.7	49.2	57.7	60.0	53.0	48.2	43.0	58.3	60.4	42.4	44.2	0.0	45.7	45.8	60.2	58.5	49.7
45.7	45.8	54.3	45.9	56.0	56.3	47.1	47.7	43.6	54.7	43.7	57.7	60.4	45.7	54.3	0.0	53.4	51.9	55.1	58.3
52.4	49.3	55.0	46.8	55.6	61.0	56.2	58.3	57.4	41.5	57.6	44.9	41.8	43.3	45.2	49.1	0.0	57.7	44.1	44.5
41.5	51.7	52.0	48.9	54.1	42.0	48.0	60.1	56.3	51.5	48.6	57.6	43.0	43.5	51.7	47.3	45.0	0.0	53.1	46.1
59.8	42.2	42.6	53.0	50.1	44.9	57.0	48.8	51.0	42.3	54.9	51.8	53.4	44.7	52.2	52.7	45.7	41.3	0.0	47.0
57.4	47.6	55.8	42.8	47.7	49.4	55.4	52.6	58.1	47.5	50.3	53.0	53.7	48.1	53.0	48.5	42.4	47.2	43.4	0.0
0.0	54.2	56.8	47.4	52.8	57.3	46.2	43.3	45.2	58.0	43.1	42.5	57.4	43.8	44.4	51.9	46.2	42.3	51.7	60.7
60.0	0.0	49.2	56.4	60.7	57.5	45.7	51.2	57.9	52.9	49.6	58.5	49.8	58.9	55.2	50.3	52.7	48.6	45.9	58.2
52.8	47.3	0.0	58.3	48.1	59.8	54.8	60.5	49.1	58.9	54.0	47.6	49.3	42.8	45.4	43.4	59.3	41.9	52.8	57.8
44.0	49.9	42.8	0.0	41.9	43.5	45.6	53.1	56.3	56.1	45.3	59.4	47.4	55.6	43.7	60.9	58.8	50.2	58.7	52.2
51.2	44.0	43.2	54.9	0.0	50.1	45.4	54.5	56.8	44.0	57.1	53.8	52.3	59.7	60.6	46.4	57.1	53.3	53.2	55.0
51.4	47.0	59.4	48.7	52.5	0.0	56.7	42.0	57.9	48.3	48.8	49.1	53.5	49.4	57.5	51.4	41.9	55.1	42.1	50.9
57.4	47.7	54.2	43.9	57.7	56.7	0.0	43.6	60.2	44.5	55.2	53.4	43.5	53.5	42.8	48.1	58.9	56.0	46.5	47.4
56.5	46.9	57.9	60.4	47.6	41.6	54.3	0.0	51.1	46.4	49.0	46.3	55.3	41.2	48.9	54.0	50.3	54.3	51.4	56.2
43.4	55.3	60.1	47.6	52.3	49.4	50.2	58.1	0.0	43.9	47.3	55.7	53.0	58.3	60.8	41.7	53.3	58.7	52.9	59.4
50.8	57.4	56.6	48.6	44.2	56.2	50.5	53.7	49.7	0.0	44.5	44.4	47.3	48.6	54.1	46.7	47.8	50.1	52.4	60.2
49.2	54.3	43.1	51.6	47.8	57.0	54.2	51.8	60.7	42.9	0.0	48.7	41.5	46.1	52.0	47.7	42.1	45.7	51.4	42.4
56.1	43.7	52.4	47.3	52.1	59.8	49.2	42.9	58.3	50.6	45.0	0.0	58.4	49.2	48.3	46.4	46.9	48.5	56.4	54.3
43.7	53.0	52.7	59.6	48.5	45.6	45.1	53.0	41.1	60.1	55.0	47.4	0.0	58.5	42.8	57.1	45.8	53.6	53.5	57.4
50.5	58.2	50.5	52.6	49.6	41.0	56.9	60.6	60.2	48.9	46.1	48.3	48.7	0.0	44.4	48.3	57.8	59.2	58.7	52.0
59.7	60.5	42.7	58.5	49.4	44.0	50.1	57.5	47.2	51.9	42.4	42.7	53.8	41.4	0.0	56.5	56.0	58.8	57.4	41.6
47.4	57.1	47.9	58.8	52.9	47.8	50.1	59.3	60.7	58.6	47.1	56.6	55.1	51.4	58.6	0.0	50.0	41.4	51.7	45.0
43.4	53.6	58.9	51.5	56.4	43.1	57.4	42.1	43.3	47.9	56.0	47.8	42.1	45.0	42.1	42.8	0.0	44.0	59.7	47.9
56.8	47.8	54.2	47.6	48.9	44.1	45.9	50.8	43.3	47.1	46.6	42.5	53.1	50.6	57.0	42.4	42.5	0.0	55.1	57.9
45.5	47.4	59.2	53.2	58.1	58.4	48.1	49.9	60.8	52.0	45.7	53.3	51.0	44.7	56.0	55.5	50.6	60.0	0.0	59.6
53.4	57.7	48.6	59.0	45.8	42.0	51.9	55.9	53.0	52.6	59.3	48.0	55.7	57.7	55.5	51.8	47.0	54.3	44.2	0.0
0.0	43.3	53.1	54.4	56.8	59.7	52.2	42.6	46.1	46.4	43.0	58.8	56.5	60.1	43.4	41.7	45.9	51.6	53.4	43.9
54.1	0.0	54.6	49.0	56.6	58.0	47.6	42.0	53.3	58.7	53.9	51.2	48.3	43.1	51.9	45.8	60.2	59.5	56.9	52.7
45.4	59.3	0.0	52.8	41.2	53.2	41.1	44.1	55.3	58.5	51.4	54.6	42.7	49.8	55.5	44.1	52.4	48.6	56.1	46.3
58.6	56.1	42.6	0.0	48.0	48.5	53.1	55.6	55.1	54.1	51.0	44.6	49.6	52.9	45.2	46.3	57.9	59.6	53.4	42.5
59.4	52.5	54.3	45.4	0.0	45.5	55.5	50.4	42.9	57.6	41.7	51.0	41.5	47.0	45.4	58.3	59.7	45.7	60.8	47.1
57.1	50.5	56.6	45.3	45.3	0.0	56.0	50.5	45.0	58.6	49.6	55.2	46.1	45.6	58.6	45.0	59.8	51.5	50.5	47.9
58.9	57.7	55.0	42.8	54.4	50.6	0.0	57.9	48.2	47.8	44.9	51.9	42.7	48.8	53.4	46.6	41.5	53.5	57.5	45.0
49.6	56.2	53.9	55.0	51.6	49.3	58.0	0.0	44.4	51.3	50.9	59.8	48.3	55.3	43.3	58.5	51.1	53.3	58.6	51.4
43.2	52.7	55.8	43.4	58.4	44.6	58.4	42.8	0.0	43.9	46.9	41.8	44.6	48.0	50.2	55.3	41.2	45.0	49.2	57.5
55.6	51.0	59.7	41.5	50.7	55.6	45.8	56.6	56.8	0.0	41.8	49.2	59.8	41.4	43.9	44.8	58.9	51.6	44.2	49.8
56.2	55.0	52.5	42.2	54.4	58.6	53.3	42.7	41.7	49.3	0.0	56.9	44.4	44.1	47.5	59.7	48.7	41.3	51.8	58.4
52.4	46.5	47.4	53.6	50.1	47.0	45.5	58.4	44.8	57.3	52.8	0.0	58.6	42.4	49.5	55.2	49.4	50.0	41.0	55.4
57.5	52.0	47.1	50.0	56.8	55.4	53.7	53.9	56.6	47.7	47.4	54.1	0.0	56.5	49.1	55.3	55.5	45.3	53.4	49.0
60.8	54.8	43.9	54.7	44.2	41.2	60.9	48.8	57.1	42.5	60.7	60.3	43.7	0.0	49.8	54.1	50.5	55.2	43.9	43.3
45.7	42.6	47.0	46.2	56.8	43.4	46.0	55.9	54.9	47.3	55.8	50.4	41.9	53.9	0.0	54.8	48.8	42.7	56.6	46.7
48.4	48.9	55.7	45.7	57.3	56.6	54.0	51.6	58.8	52.2	51.7	48.3	52.8	58.1	42.3	0.0	49.5	44.2	53.0	55.2
53.1	54.0	49.2	48.4	44.2	57.2	51.8	51.4	46.9	54.0	60.2	58.2	55.5	58.6	45.6	45.8	0.0	51.0	56.4	45.5
51.0	43.0	56.3	48.3	44.0	42.3	49.0	43.7	56.8	59.5	42.2	59.5	43.1	60.5	47.8	44.6	47.1	0.0	48.1	54.1
43.6	59.9	54.5	46.1	50.3	55.0	49.9	55.3	46.4	60.0	57.8	43.4	45.6	47.6	54.7	48.1	43.4	41.1	0.0	54.2
45.9	56.7	47.2	43.4	44.1	59.9	41.5	52.2	54.6	50.1	55.5	47.9	47.0	51.6	58.0	46.8	44.8	52.2	45.6	0.0
0.0	56.8	54.2	53.1	43.8	44.5	57.2	55.9	50.2	53.0	50.7	46.4	47.2	52.2	53.3	48.8	41.8	54.3	57.7	48.8
51.8	0.0	58.8	59.5	58.5	53.2	51.9	50.8	56.0	49.7	47.3	42.9	57.6	52.3	54.4	57.3	58.7	45.0	55.6	47.4
51.2	56.5	0.0	60.8	48.6	53.1	44.1	57.3	57.4	47.2	52.7	52.6	54.6	49.3	55.5	59.5	49.2	49.8	51.1	51.8
49.4	56.2	60.6	0.0	49.6	57.7	55.8	55.8	44.7	49.2	60.4	52.9	58.3	45.6	58.7	48.7	49.6	49.0	61.0	43.2
47.9	55.1	53.5	42.4	0.0	46.5	52.5	54.1	59.2	60.7	46.7	55.0	42.5	41.2	56.4	49.1	42.9	53.8	56.7	47.0
54.5	58.5	49.8	41.7	56.3	0.0	43.3	57.5	42.7	48.9	41.8	57.4	60.1	52.5	51.4	55.1	49.7	54.0	60.4	59.1
52.3	44.6	42.7	50.1	51.3	49.4	0.0	55.9	60.5	60.8	44.1	50.7	53.5	44.0	47.1	43.7	55.9	48.7	42.3	53.0
52.1	52.4	52.1	51.2	48.2	55.7	41.7	0.0	49.8	46.6	49.8	50.1	56.9	57.7	41.7	41.6	47.7	51.4	42.8	45.5
50.8	49.4	57.6	53.9	56.4	41.3	49.7	43.0	0.0	50.6	58.3	48.3	55.1	50.0	45.6	50.0	59.9	48.4	44.1	44.7
43.5	43.6	46.1	45.4	46.5	42.4	52.1	51.1	44.8	0.0	60.8	56.8	53.6	46.6	52.0	55.5	41.6	60.1	50.5	46.8
42.0	55.8	52.7	57.9	43.2	52.7	44.9	52.8	59.5	60.5	0.0	44.6	46.8	55.7	51.8	56.5	50.8	51.2	49.6	58.3
53.4	45.3	60.6	49.8	45.6	44.9	58.7	42.9	51.9	49.8	44.3	0.0	55.3	42.8	45.9	43.1	58.4	42.3	43.2	53.4
50.1	52.8	43.6	58.7	44.8	60.2	50.2	50.1	55.5	56.3	57.2	56.2	0.0	58.4	44.5	47.4	47.6	42.9	56.6	57.7
58.7	42.5	44.0	43.7	52.8	55.9	58.2	55.8	60.3	60.1	46.5	59.2	44.3	0.0	55.7	51.9	60.2	52.0	56.9	48.2
54.9	52.4	51.9	51.4	46.0	46.1	45.7	56.0	53.6	45.4	52.1	49.1	50.7	58.4	0.0	46.3	44.4	41.9	49.8	41.4
58.8	60.4	41.2	48.5	50.7	60.6	58.9	59.5	45.8	47.3	47.0	51.8	50.0	48.3	51.2	0.0	47.0	53.5	49.6	54.2
60.3	43.0	51.4	55.5	56.6	60.4	53.2	45.3	47.1	42.6	60.2	46.3	58.3	55.8	42.8	60.9	0.0	45.2	54.1	57.1
49.5	55.3	58.9	59.0	49.4	55.2	54.6	56.1	48.7	50.7	44.5	57.2	41.9	51.4	53.7	55.2	42.8	0.0	59.4	58.5
55.7	59.5	50.8	43.4	52.5	51.6	45.8	44.8	54.1	50.6	57.5	59.3	41.6	60.0	42.0	58.6	44.3	42.9	0.0	49.8
54.8	51.2	59.3	58.0	56.2	59.8	58.5	56.1	42.8	43.0	46.8	58.0	51.6	41.7	47.0	52.0	47.4	44.1	44.1	0.0
0.0	45.9	53.6	56.8	46.4	46.9	60.9	53.1	60.8	55.8	59.9	54.0	46.3	50.3	42.3	48.0	59.3	50.9	51.3	54.0
55.5	0.0	47.1	47.0	45.1	53.4	49.4	50.7	42.6	53.2	58.7	50.9	46.1	47.1	43.5	53.3	56.9	45.9	46.2	50.5
49.3	43.7	0.0	59.0	57.3	58.9	53.0	51.1	43.5	51.0	50.3	54.3	43.2	52.3	45.9	60.1	51.3	44.7	47.2	45.5
45.5	47.9	54.0	0.0	48.6	56.5	44.0	45.1	41.4	44.8	47.2	51.9	45.2	43.8	58.3	42.0	49.5	50.3	45.7	41.5
44.5	42.5	48.2	51.5	0.0	51.4	52.8	55.3	44.0	58.0	58.2	46.4	60.0	59.4	59.3	55.2	57.6	43.1	53.4	47.6
57.6	60.4	60.2	54.5	51.3	0.0	47.4	43.4	48.1	43.5	57.9	50.2	60.2	57.5	60.0	41.6	59.2	46.6	58.9	53.5
48.6	55.5	53.7	51.9	55.5	54.7	0.0	56.3	52.9	52.0	41.6	52.9	57.0	48.6	49.9	53.8	60.1	41.4	57.1	50.8
58.3	45.1	47.8	48.5	60.3	49.3	44.5	0.0	59.4	53.0	43.7	49.0	51.2	51.6	48.5	56.8	44.9	54.5	43.1	58.0
45.7	43.9	44.5	53.0	47.5	48.8	58.4	43.5	0.0	48.3	55.0	52.8	52.1	48.5	53.2	56.0	56.7	57.2	54.2	48.0
60.3	51.6	49.7	53.5	60.3	48.7	51.5	46.8	57.3	0.0	55.1	51.9	52.1	42.7	59.0	41.5	57.7	60.3	43.3	44.7
57.5	41.4	56.1	48.1	44.7	42.5	51.2	47.2	41.9	57.9	0.0	59.5	59.1	49.2	58.6	57.7	44.1	60.6	57.7	58.6
46.6	57.7	45.3	42.3	53.7	46.0	52.3	43.6	56.2	50.2	51.0	0.0	48.5	42.1	42.8	53.6	51.0	55.0	41.4	46.9
57.8	51.0	57.0	43.5	59.1	53.7	43.0	47.9	52.0	42.9	58.3	47.2	0.0	51.5	59.9	60.8	43.2	52.5	53.1	47.2
44.3	42.2	48.4	58.4	51.4	54.4	60.9	52.2	54.1	50.2	46.0	42.2	51.2	0.0	41.8	59.4	42.2	49.8	42.6	42.0
44.4	42.4	53.4	60.8	47.4	55.6	53.0	44.4	51.7	52.3	41.2	60.9	46.5	50.0	0.0	47.2	45.2	42.8	60.5	55.1
46.4	53.0	60.7	53.0	48.5	44.7	58.4	41.3	47.8	44.0	53.1	44.3	57.3	50.0	50.0	0.0	45.7	56.0	42.5	43.7
59.7	42.6	60.3	42.4	56.0	42.9	50.0	51.2	56.4	60.3	44.0	43.3	47.3	44.1	54.5	51.4	0.0	56.2	43.1	43.1
53.9	59.3	53.3	46.9	60.7	58.8	58.2	51.2	57.8	52.4	42.5	43.1	45.0	42.2	43.7	46.4	46.4	0.0	45.0	52.6
52.0	50.4	44.8	44.3	54.6	46.5	55.0	44.6	47.4	57.9	41.8	54.8	57.8	47.2	45.3	54.5	42.1	56.7	0.0	42.8
53.5	41.3	46.9	41.5	58.2	56.0	58.9	56.1	46.5	43.8	43.3	47.9	60.5	46.6	46.2	57.6	42.1	47.8	53.9	0.0
0.0	52.8	54.8	48.4	60.6	47.0	49.4	48.5	52.2	55.4	46.0	58.4	50.7	42.1	47.3	50.2	60.6	44.0	58.2	44.9
46.4	0.0	43.2	42.9	44.7	43.1	41.3	47.9	51.0	54.6	46.6	54.4	47.3	44.2	48.3	47.9	60.1	55.1	51.6	49.8
43.9	53.6	0.0	53.3	51.2	56.9	51.6	48.1	59.3	55.6	54.7	45.4	41.6	48.7	43.3	45.0	42.9	59.8	53.2	45.3
59.0	55.9	54.1	0.0	45.8	57.3	48.3	43.9	42.1	59.9	54.9	54.1	55.4	49.6	61.0	51.5	56.7	55.6	45.7	44.0
41.4	57.7	59.7	46.4	0.0	52.9	41.6	54.5	43.7	58.2	52.2	52.9	42.1	48.2	47.8	57.1	59.1	58.8	59.3	43.6
42.1	41.4	53.4	43.5	42.2	0.0	54.5	45.8	57.1	56.1	56.4	49.7	52.1	43.3	57.5	51.4	59.4	58.3	56.4	54.3
51.6	41.8	52.7	51.3	53.6	47.4	0.0	59.0	55.1	59.3	47.8	50.5	51.7	53.6	45.7	48.2	49.5	56.7	47.7	56.0
56.7	60.5	42.1	48.2	52.5	52.8	51.2	0.0	54.5	42.3	56.2	60.3	50.2	42.8	46.9	43.1	54.4	49.4	50.2	54.3
46.1	49.4	53.0	57.0	52.3	59.4	57.3	43.4	0.0	60.5	41.1	60.7	42.8	59.5	51.4	43.9	42.9	51.1	53.4	59.8
47.6	53.4	55.4	54.4	60.8	55.5	47.8	43.3	55.3	0.0	41.6	60.6	57.2	47.6	60.7	56.8	59.9	41.8	48.5	45.8
45.6	44.0	59.1	55.5	48.9	57.1	48.2	43.5	44.3	51.6	0.0	45.7	53.9	51.8	46.2	58.7	47.6	43.4	52.3	60.3
57.3	41.2	45.6	43.2	41.4	42.1	56.7	45.7	46.3	48.9	47.4	0.0	54.6	53.2	46.1	43.7	50.1	54.1	59.1	54.3
52.1	46.3	46.5	46.0	49.4	48.1	47.6	59.3	45.0	60.7	57.3	60.3	0.0	59.1	46.3	60.9	43.4	55.3	57.1	43.1
51.7	55.8	55.5	45.2	46.8	57.1	51.1	51.7	46.0	59.7	46.2	52.5	50.9	0.0	44.7	49.4	50.5	54.5	57.6	57.0
44.8	59.1	60.7	47.0	59.4	55.8	55.6	50.8	60.3	46.8	57.0	52.4	45.5	47.8	0.0	48.6	42.2	44.4	41.7	55.5
56.2	49.3	48.3	45.2	41.1	57.1	45.1	41.6	49.0	47.0	55.6	60.4	45.3	43.8	48.8	0.0	59.0	47.9	52.4	43.6
50.2	60.0	54.0	43.3	45.4	54.2	48.1	49.0	42.1	53.3	50.0	41.2	47.2	47.0	54.3	52.6	0.0	53.1	48.9	56.0
44.3	45.5	58.3	43.1	49.3	54.5	57.0	46.0	56.6	56.7	47.6	44.7	50.8	47.5	48.3	48.9	58.3	0.0	54.8	41.1
43.4	54.9	58.2	53.3	43.9	58.9	53.6	57.1	43.2	57.9	48.5	58.9	43.0	43.2	48.2	45.4	58.3	56.8	0.0	53.3
47.5	42.4	51.1	51.0	52.8	45.8	54.4	53.9	56.8	59.1	41.9	43.5	59.2	59.3	58.4	46.1	46.0	60.2	47.1	0.0
0.0	60.0	49.3	48.2	57.8	48.8	59.8	41.5	57.2	51.1	49.6	60.9	54.7	49.3	51.4	54.2	44.1	47.0	46.6	45.5
41.5	0.0	42.2	57.6	48.7	54.8	45.6	55.8	41.3	51.3	60.6	50.6	41.4	50.0	59.8	59.9	47.7	46.9	47.1	47.1
48.1	47.3	0.0	59.9	45.2	44.8	49.6	53.9	45.7	43.5	48.3	53.1	56.0	60.3	46.0	54.2	42.2	43.2	52.9	43.6
54.6	41.2	43.6	0.0	45.1	55.1	41.7	54.6	51.4	58.0	42.6	42.0	60.0	42.8	48.0	45.5	47.4	48.0	54.5	43.6
49.0	51.1	57.4	47.9	0.0	43.0	44.3	54.5	51.8	55.1	41.5	57.2	60.5	53.8	45.6	55.4	42.5	51.2	48.1	41.9
43.8	46.5	42.8	42.4	53.1	0.0	57.5	55.8	43.1	58.9	59.7	57.6	52.3	56.3	56.1	60.2	49.0	41.2	57.4	44.8
49.2	49.3	52.8	57.6	46.1	44.0	0.0	57.7	44.6	57.6	41.7	45.5	46.7	50.4	53.8	51.2	59.2	54.9	59.6	49.7
60.3	60.0	55.9	51.3	43.9	57.5	52.7	0.0	46.9	59.1	44.2	55.0	56.5	51.2	58.6	57.1	50.2	46.0	54.8	52.8
55.3	50.7	51.0	44.3	42.6	49.4	56.5	53.0	0.0	48.9	46.8	51.0	46.2	46.6	59.6	51.5	50.8	53.4	48.8	50.9
57.4	56.9	54.3	60.2	55.1	51.6	47.7	59.1	59.6	0.0	51.6	59.8	51.8	41.3	53.6	45.8	44.9	57.7	58.0	60.9
44.1	49.2	43.8	44.7	59.4	57.1	55.6	43.3	54.3	53.5	0.0	51.7	44.0	59.4	58.0	60.4	45.5	56.1	43.5	53.0
52.3	60.8	50.8	45.6	54.8	56.5	53.4	42.5	52.3	53.7	47.2	0.0	41.9	44.2	48.8	56.5	57.2	42.5	57.1	56.5
58.7	54.7	43.5	60.3	53.0	51.2	50.5	52.8	60.6	46.0	42.9	56.6	0.0	58.9	43.3	48.4	59.6	60.0	50.7	52.4
51.0	48.4	52.9	60.4	49.3	47.7	58.8	50.5	42.5	41.7	59.6	56.2	51.9	0.0	50.1	57.1	58.0	43.0	51.9	48.0
54.3	58.9	57.8	60.1	46.9	43.8	61.0	42.3	50.9	52.8	59.5	48.6	41.1	46.6	0.0	41.4	41.1	55.8	48.9	48.2
53.6	58.6	59.5	49.4	58.4	44.3	43.6	56.8	54.4	50.8	43.7	52.1	51.6	51.9	51.4	0.0	48.0	45.1	51.7	41.5
49.8	59.2	55.7	47.2	52.0	59.5	44.8	51.9	51.8	48.6	53.4	59.6	47.3	41.2	51.4	50.3	0.0	42.5	44.9	43.5
46.1	55.8	51.8	48.8	53.7	59.6	57.5	49.4	55.2	58.8	44.4	47.3	54.3	42.2	59.4	56.7	57.0	0.0	51.5	47.4
59.9	45.7	43.3	41.7	59.8	43.1	60.1	53.5	55.8	44.7	52.0	57.9	57.6	54.6	41.5	59.0	50.6	53.0	0.0	45.3
42.2	51.1	56.2	60.4	56.5	50.3	53.6	50.0	49.6	49.9	55.1	45.0	50.4	56.1	50.6	56.5	55.5	49.3	50.1	0.0
0.0	51.1	50.7	45.9	55.4	57.2	58.2	59.2	53.2	44.2	56.1	54.6	48.3	56.2	47.4	60.0	48.6	50.9	41.5	59.6
43.7	0.0	51.2	55.8	53.4	60.5	58.1	48.3	44.3	57.3	45.7	44.2	53.3	41.4	43.2	58.8	60.1	41.9	43.2	42.9
59.6	56.4	0.0	43.3	48.3	42.1	58.1	44.4	48.9	60.3	60.4	46.6	57.2	47.9	48.7	45.2	42.8	54.7	56.8	46.3
53.4	60.4	54.5	0.0	48.8	58.1	43.4	49.7	56.6	42.4	48.3	51.0	60.4	43.2	51.3	53.6	59.2	55.3	44.4	60.0
44.5	54.2	44.0	55.5	0.0	45.1	56.6	43.3	41.7	46.9	45.3	41.1	60.2	44.1	54.5	42.7	60.4	54.5	42.7	59.4
48.6	45.7	60.2	54.9	41.3	0.0	50.2	60.3	47.8	59.0	48.5	44.3	44.0	45.4	45.3	51.0	58.7	55.8	44.5	48.2
59.2	47.5	60.8	60.9	52.9	56.7	0.0	45.0	49.2	55.3	43.5	42.7	45.5	60.7	52.5	50.0	59.3	46.0	45.1	44.3
48.7	41.8	42.7	49.6	49.3	50.7	50.2	0.0	48.3	41.8	53.9	43.9	56.0	48.9	51.2	55.5	44.6	47.0	58.2	60.1
43.9	45.8	45.1	48.4	52.9	56.1	58.2	42.7	0.0	43.2	43.2	49.4	46.7	44.0	52.4	42.9	53.7	48.7	50.0	47.9
44.3	52.5	58.9	47.3	50.7	56.8	53.6	56.5	54.1	0.0	42.1	42.9	47.5	58.2	50.9	46.5	41.0	46.7	60.7	55.8
41.4	59.5	52.0	53.1	51.7	48.7	56.2	51.6	53.6	61.0	0.0	50.1	56.8	42.8	59.1	42.7	51.3	41.8	56.9	53.8
44.4	48.4	45.1	59.1	55.6	55.7	48.4	42.3	58.2	41.9	57.0	0.0	43.4	51.1	41.2	50.3	47.9	49.0	42.3	60.4
48.7	47.3	48.6	58.2	43.8	41.8	53.0	48.8	58.1	50.1	54.5	51.8	0.0	43.4	47.6	43.3	54.0	57.8	45.4	55.1
48.0	56.4	45.1	56.8	54.4	44.6	59.8	56.8	42.1	57.2	55.0	43.3	52.7	0.0	53.2	49.0	43.3	54.0	43.0	60.2
47.5	58.2	45.3	54.3	52.9	51.5	52.0	55.9	49.7	59.8	56.3	47.2	49.4	45.3	0.0	42.6	44.8	59.1	50.5	56.4
58.3	49.0	48.0	47.2	58.7	54.4	47.6	54.2	52.9	58.3	45.1	50.3	45.7	51.7	44.1	0.0	56.4	57.3	56.3	53.0
55.1	55.4	59.0	57.1	46.3	45.9	44.5	58.1	43.6	50.7	47.4	56.3	45.0	60.6	49.1	42.1	0.0	47.2	42.1	57.0
45.3	56.2	55.2	53.2	44.0	50.5	56.8	56.2	58.3	58.2	56.1	42.2	45.8	45.6	55.1	50.5	46.4	0.0	45.8	56.4
60.4	51.8	47.6	44.0	44.3	50.4	44.3	46.9	44.5	43.2	56.3	48.1	56.5	44.3	60.3	44.9	57.8	50.3	0.0	54.2
51.1	51.4	55.1	48.9	47.0	46.1	57.4	51.1	55.3	47.8	52.3	55.1	43.7	47.6	42.9	54.3	42.4	58.1	47.3	0.0
0.0	43.2	60.3	56.8	56.9	55.3	56.5	56.3	60.6	41.8	49.3	54.1	49.2	48.1	52.9	49.2	60.7	58.5	49.2	45.0
57.1	0.0	41.7	47.3	59.3	44.4	41.3	52.0	56.3	48.7	47.5	55.6	51.7	46.0	48.1	53.8	56.0	49.6	56.7	52.5
56.4	45.0	0.0	60.8	58.1	44.7	47.6	45.8	56.3	50.1	47.0	43.3	58.2	43.9	47.4	42.4	46.5	41.4	58.6	58.1
57.4	46.4	57.1	0.0	53.0	45.5	45.1	45.2	52.0	50.6	49.4	41.2	46.5	43.6	50.1	52.2	44.2	51.1	59.2	56.6
48.0	50.3	54.6	44.5	0.0	60.9	55.9	49.9	53.6	53.6	50.6	53.4	55.1	48.6	57.6	43.9	43.5	48.9	60.6	54.3
42.8	45.7	45.3	48.3	46.3	0.0	58.1	45.6	48.9	50.7	50.7	42.5	52.4	48.3	48.0	51.7	59.3	59.7	60.3	46.8
46.6	60.4	52.3	48.3	42.2	44.2	0.0	48.6	55.3	52.2	49.5	53.1	58.2	46.1	42.0	51.2	58.7	41.0	46.3	54.0
44.5	48.7	46.4	41.5	49.1	53.3	44.3	0.0	49.7	48.4	56.9	59.9	50.3	45.5	51.1	41.9	56.0	54.4	58.3	41.3
42.0	52.3	59.6	50.4	46.6	58.2	50.5	42.7	0.0	41.3	52.7	60.4	48.5	47.4	47.0	41.5	55.7	41.3	56.4	56.2
50.5	41.1	49.1	51.5	50.3	42.7	56.2	52.6	57.4	0.0	54.0	49.6	57.4	48.1	48.2	44.7	57.0	59.6	44.9	46.3
44.8	43.5	49.7	52.2	47.2	51.5	46.7	43.4	48.5	53.7	0.0	57.9	58.5	54.3	60.4	52.1	56.1	54.4	57.7	60.2
45.0	41.6	57.4	58.9	43.1	59.8	50.4	42.0	59.2	48.5	51.1	0.0	45.4	45.7	46.5	46.3	55.1	46.5	59.5	49.5
41.5	58.6	53.4	41.9	60.6	48.5	58.7	42.6	44.2	47.0	48.5	59.5	0.0	41.2	41.6	57.8	46.4	53.8	42.0	58.4
55.7	44.9	53.3	59.4	49.2	49.3	44.8	49.5	48.3	45.7	59.8	52.0	56.7	0.0	41.5	50.0	52.3	46.8	46.8	50.4
58.8	48.7	45.9	45.7	58.1	42.5	45.7	60.8	52.2	60.1	59.7	42.2	56.4	60.5	0.0	58.4	48.9	52.9	42.5	43.0
48.7	57.2	49.7	47.3	59.6	41.5	43.4	51.9	48.3	55.2	54.4	47.9	56.5	60.4	42.0	0.0	50.9	41.9	51.0	53.2
47.1	42.3	44.9	55.9	54.8	60.2	54.0	53.3	41.9	60.1	48.7	44.3	54.8	55.0	41.9	46.9	0.0	57.3	60.1	46.3
57.2	52.1	58.8	52.1	51.4	48.7	41.6	59.6	57.8	51.7	43.9	57.9	43.2	55.5	60.2	52.3	59.2	0.0	50.0	46.9
41.9	43.3	47.1	56.6	59.4	42.5	57.3	50.8	55.4	54.7	50.3	57.2	57.8	44.2	41.6	45.4	46.9	48.6	0.0	52.9
55.5	44.1	53.5	54.2	53.8	45.8	59.4	48.1	58.4	60.5	41.6	52.4	49.9	60.6	60.7	54.5	56.2	51.6	41.9	0.0
0.0	49.0	48.9	59.2	47.8	50.5	42.9	43.2	58.2	51.4	55.7	47.0	56.4	53.3	54.9	56.8	61.0	43.7	57.1	50.2
42.7	0.0	59.9	47.7	48.8	56.0	58.2	44.9	43.2	43.3	51.1	53.3	45.3	46.1	50.7	53.8	56.4	45.7	54.3	44.8
43.7	59.1	0.0	58.7	56.6	56.4	48.6	55.7	46.7	44.5	49.7	44.9	42.4	50.2	42.5	49.1	46.6	57.7	48.8	54.8
50.0	57.2	45.6	0.0	41.5	49.0	49.0	51.2	51.4	55.5	48.0	55.3	46.1	44.1	58.4	56.5	59.8	60.0	43.8	43.5
41.0	41.5	53.6	59.6	0.0	42.1	42.9	44.1	54.0	47.7	58.0	50.3	51.9	50.3	58.3	41.8	59.6	43.1	45.3	56.1
45.5	53.9	46.0	53.3	59.7	0.0	49.9	45.5	51.6	56.1	60.4	58.9	43.5	52.6	55.7	49.8	46.8	43.5	47.7	48.0
54.1	46.1	52.4	54.7	54.1	46.3	0.0	57.5	44.4	60.4	48.3	57.3	55.0	50.6	56.8	46.9	52.9	43.8	42.7	52.7
46.8	45.5	55.1	51.2	46.7	57.9	53.5	0.0	41.6	45.5	46.5	55.9	55.9	51.7	59.0	55.1	52.2	44.2	50.0	45.7
56.7	59.4	47.4	42.1	56.6	48.3	50.9	56.1	0.0	58.5	59.9	47.1	50.7	60.3	59.7	60.5	41.4	59.2	60.8	55.8
46.9	43.8	46.2	48.2	57.8	59.1	48.4	42.8	44.4	0.0	52.3	41.4	48.4	42.6	60.4	45.1	58.4	41.5	47.8	44.1
41.6	41.2	46.8	50.4	41.5	45.2	48.8	41.7	41.8	42.9	0.0	60.8	60.1	43.9	50.1	54.1	42.6	56.6	58.5	51.8
56.4	58.7	52.6	54.2	54.3	51.6	55.2	50.7	48.8	56.7	52.9	0.0	42.5	45.3	49.4	44.6	48.6	55.1	51.0	48.1
49.5	43.0	48.5	43.3	55.4	49.6	55.4	45.9	48.4	48.6	45.4	44.3	0.0	42.6	53.3	43.1	51.4	48.4	43.1	59.9
56.9	51.9	54.7	55.4	52.5	49.7	47.5	49.5	47.8	56.8	47.2	51.0	46.6	0.0	42.4	56.9	41.1	43.3	54.0	51.6
52.2	47.8	52.7	47.7	56.1	41.6	49.1	55.8	51.3	50.4	57.6	59.5	48.0	59.6	0.0	42.9	45.6	58.8	46.9	60.3
53.3	52.2	53.0	59.6	47.9	49.7	51.6	59.1	54.1	46.3	50.4	43.1	45.5	56.9	54.1	0.0	57.6	42.7	58.4	44.9
59.6	54.1	59.9	55.5	57.0	47.6	47.4	41.5	59.6	51.3	56.4	46.6	52.9	51.5	45.3	49.4	0.0	58.9	47.8	55.9
55.9	53.3	56.7	56.1	48.3	49.9	53.0	51.3	59.1	51.4	60.1	41.1	44.1	52.5	57.5	55.0	42.3	0.0	49.5	54.3
46.1	48.6	43.7	50.1	58.6	44.9	60.9	47.6	48.3	57.7	49.4	58.7	45.0	55.4	50.5	59.2	41.2	55.4	0.0	59.3
57.2	42.7	59.2	59.4	55.2	59.0	57.7	57.6	58.6	45.0	42.9	49.9	48.1	55.0	48.3	57.9	50.3	57.3	41.2	0.0
0.0	53.9	45.2	49.9	51.4	43.2	43.5	53.2	51.5	41.9	55.3	44.5	59.7	53.8	48.3	58.5	54.4	44.7	53.1	52.9
47.9	0.0	52.6	43.5	59.8	60.6	42.9	56.7	52.4	45.3	60.5	42.9	52.6	46.3	48.1	60.8	41.7	44.1	52.0	44.3
56.3	48.8	0.0	55.5	59.2	58.9	46.9	52.2	46.2	53.5	41.7	42.9	60.3	50.4	60.1	42.7	45.0	43.4	46.6	58.3
54.0	46.0	60.7	0.0	42.7	57.9	56.3	52.4	48.1	49.3	53.3	46.3	60.4	41.3	57.5	47.1	46.5	41.2	55.8	42.1
56.9	41.1	48.7	50.4	0.0	51.6	43.6	53.4	59.5	58.5	59.6	41.5	44.2	54.6	57.6	49.1	57.6	55.7	45.2	50.7
56.6	57.5	58.2	58.0	57.7	0.0	51.9	52.7	60.1	42.6	43.6	53.2	47.3	42.5	44.6	42.9	59.5	42.3	58.9	41.7
57.4	60.5	60.8	57.3	58.5	42.0	0.0	57.8	52.9	56.8	59.8	50.0	44.1	57.9	60.3	50.7	51.8	44.5	42.0	55.2
42.6	59.6	47.5	47.3	54.7	42.5	58.0	0.0	47.3	57.5	60.3	55.4	60.0	57.5	45.2	55.0	49.1	59.6	44.7	57.4
50.6	48.6	41.5	54.7	55.7	55.9	47.0	58.9	0.0	41.8	43.8	45.1	54.8	52.0	55.4	57.3	56.3	43.9	55.9	50.9
56.8	45.6	48.1	43.2	59.7	54.0	60.2	42.7	45.0	0.0	50.8	51.2	50.9	47.0	41.1	53.5	44.1	44.5	53.2	57.1
56.6	46.0	50.7	42.7	56.6	42.5	52.3	59.6	56.3	44.8	0.0	49.5	42.7	53.0	55.1	41.7	46.0	57.0	57.0	47.0
55.9	47.7	59.1	53.8	58.1	48.1	54.2	46.6	46.1	42.1	44.7	0.0	51.9	50.6	41.2	44.0	54.0	49.6	54.4	59.9
59.0	42.0	58.3	52.5	43.7	42.1	47.3	48.8	58.1	58.9	47.1	47.9	0.0	51.2	44.6	51.7	49.7	56.6	42.5	41.9
45.7	48.6	46.9	46.0	47.3	54.4	50.2	52.4	50.3	52.3	59.8	50.8	57.3	0.0	52.1	58.7	58.8	41.2	55.2	58.4
56.4	47.8	56.9	55.7	50.5	48.3	59.0	59.4	59.2	46.0	51.6	43.2	56.7	44.6	0.0	56.3	42.3	50.0	54.3	51.4
57.0	44.3	60.1	59.7	49.4	46.1	49.4	45.6	52.7	42.2	50.1	53.9	58.3	57.8	58.7	0.0	60.8	42.8	45.2	55.7
42.8	45.4	60.2	49.2	47.8	53.3	58.6	53.2	52.9	47.3	56.8	44.8	42.7	53.5	41.9	43.0	0.0	60.6	56.5	45.6
43.5	43.8	58.9	51.8	60.1	59.2	58.7	49.7	50.3	57.7	47.7	53.1	57.5	55.7	44.4	60.7	53.3	0.0	41.6	46.2
43.7	44.6	47.7	50.4	52.2	48.7	41.6	47.7	45.2	59.5	60.7	49.2	58.6	59.3	43.9	53.7	43.0	43.0	0.0	42.5
41.5	59.6	45.6	48.3	61.0	41.7	46.8	54.1	46.0	45.8	44.4	54.8	58.3	54.7	42.7	58.3	43.2	60.5	54.9	0.0
0.0	57.8	43.9	60.1	41.7	49.9	44.9	54.3	45.9	46.5	51.4	60.9	48.4	53.3	41.4	53.8	53.9	44.0	41.1	42.4
48.2	0.0	41.5	43.8	52.9	60.5	43.9	46.8	50.7	46.1	43.3	53.9	54.1	45.9	60.4	55.8	52.8	57.7	46.7	46.7
49.2	54.4	0.0	60.4	55.3	52.1	53.3	48.5	55.1	55.7	59.8	57.0	41.4	56.1	60.5	55.9	53.1	44.6	49.5	54.6
53.0	43.2	59.0	0.0	51.7	57.7	56.9	54.8	60.9	51.4	48.5	58.9	48.6	60.9	51.4	55.6	44.2	55.7	54.3	45.4
59.8	59.5	51.1	47.9	0.0	59.8	52.9	51.0	59.4	49.9	44.1	55.6	50.1	58.1	44.8	55.9	55.4	49.7	49.7	45.8
41.4	43.4	58.5	45.8	57.0	0.0	43.4	51.0	52.5	55.8	56.6	50.4	53.1	60.3	43.6	45.7	45.3	53.1	45.6	42.2
56.0	51.5	52.4	57.2	56.4	41.7	0.0	59.1	51.3	56.3	56.9	53.6	53.0	60.0	54.4	52.7	49.8	41.6	52.6	57.5
47.5	52.1	55.6	49.1	50.4	49.5	54.0	0.0	57.8	57.8	46.1	48.5	54.7	47.4	41.5	42.5	57.8	44.1	56.0	45.8
51.0	50.4	54.6	41.1	47.7	55.3	57.6	41.9	0.0	52.8	48.8	43.5	52.2	60.3	55.1	58.6	42.3	50.2	54.9	48.0
41.7	50.7	60.7	52.9	54.0	49.2	44.9	44.7	46.4	0.0	52.2	56.8	42.0	52.2	47.2	56.9	41.2	49.2	49.2	54.4
44.9	60.8	41.1	43.5	55.3	41.6	41.1	42.1	51.1	43.0	0.0	43.3	56.3	54.8	50.4	47.9	44.1	56.6	58.7	48.1
53.1	46.0	55.5	51.6	47.8	55.0	55.7	47.3	45.4	60.4	53.5	0.0	45.8	48.3	41.3	48.1	51.9	50.9	52.8	46.7
48.8	60.8	58.6	47.2	45.4	53.5	44.7	56.4	46.8	57.7	54.6	53.4	0.0	53.3	43.1	44.2	54.0	41.2	52.4	43.9
60.9	50.1	60.3	48.1	47.0	53.4	45.3	44.2	55.5	44.8	44.5	55.6	57.8	0.0	58.4	54.9	51.1	54.8	52.6	48.8
56.5	59.2	45.6	54.0	57.8	49.9	57.3	57.4	49.9	53.8	54.4	44.6	53.4	51.2	0.0	46.3	51.9	45.5	43.2	49.9
52.1	42.1	57.9	53.2	44.5	54.6	60.0	44.4	46.8	57.2	48.0	50.6	55.6	53.0	57.1	0.0	43.5	45.4	42.0	56.0
48.4	53.2	58.6	51.8	56.8	44.5	51.2	53.5	45.6	56.6	49.6	50.0	51.5	43.1	58.2	54.6	0.0	54.0	51.7	41.6
54.0	48.3	49.6	41.5	60.4	41.3	56.1	52.2	55.2	44.8	44.2	59.7	47.3	51.2	50.9	56.7	52.1	0.0	57.4	56.4
44.5	57.2	60.6	59.7	46.0	47.9	47.5	46.0	57.3	47.3	57.8	50.8	49.4	43.7	44.1	41.7	43.3	52.2	0.0	60.5
41.2	57.2	53.0	52.1	57.0	43.5	42.3	51.4	58.3	59.8	51.1	49.2	57.5	54.6	49.4	60.7	57.6	50.0	55.0	0.0
0.0	43.2	51.0	58.6	51.6	44.8	57.9	56.2	59.8	54.1	60.4	54.9	60.8	49.1	59.7	58.0	58.6	49.8	47.1	60.3
50.6	0.0	59.7	56.0	43.2	57.7	47.3	42.0	55.1	50.1	49.0	50.7	42.1	54.6	52.7	41.6	42.9	41.3	55.9	57.5
58.1	52.5	0.0	56.9	48.9	53.5	41.3	45.3	51.7	57.7	50.1	54.4	56.1	48.1	59.1	49.6	45.0	41.5	53.9	43.3
59.3	52.3	54.7	0.0	46.2	41.0	47.5	47.2	57.0	59.7	51.8	58.4	53.0	59.3	54.1	47.8	46.4	44.7	44.7	60.5
42.6	56.0	44.2	57.8	0.0	55.5	60.6	42.4	57.6	56.6	49.2	48.5	45.0	46.7	44.2	42.5	44.2	58.0	43.1	57.9
43.5	58.9	56.7	43.1	42.6	0.0	41.4	58.5	60.6	43.3	50.2	54.8	49.1	44.5	57.6	50.6	60.9	58.8	60.5	42.9
43.4	48.0	55.9	41.8	56.2	47.2	0.0	53.5	55.1	52.6	49.9	55.2	50.5	49.0	50.7	43.9	58.8	43.0	47.1	44.9
53.0	41.7	60.3	41.7	57.0	56.6	52.8	0.0	48.0	47.1	43.1	46.6	48.4	60.3	50.3	42.0	58.9	54.6	48.4	60.6
43.6	43.7	56.0	48.8	44.0	48.8	45.8	41.2	0.0	46.1	54.0	41.2	42.9	44.3	57.8	44.6	59.2	50.4	49.8	59.4
45.4	49.5	56.9	51.3	41.0	42.5	48.3	48.1	49.4	0.0	45.3	43.5	54.1	53.8	55.9	49.2	43.8	59.4	53.3	42.7
58.4	60.7	54.1	53.5	60.5	54.8	42.2	54.2	54.7	51.3	0.0	52.6	53.1	52.8	46.4	54.0	59.6	57.7	57.3	55.4
53.5	50.9	49.7	51.2	46.5	56.6	53.3	41.3	50.9	57.3	53.3	0.0	44.4	46.8	44.1	47.0	44.3	56.1	59.4	57.3
46.5	46.3	49.8	53.6	53.5	58.6	48.8	44.2	60.3	56.9	55.0	53.7	0.0	54.8	43.8	43.9	41.0	45.4	56.5	50.4
54.3	56.9	56.5	52.6	41.5	41.2	55.9	45.2	43.9	42.4	41.2	47.5	58.2	0.0	59.5	41.4	53.5	60.2	53.1	51.2
52.9	47.8	54.1	48.8	57.3	50.5	52.2	54.9	53.9	47.7	56.1	41.1	42.1	47.0	0.0	41.5	56.6	55.6	48.0	56.1
47.3	48.3	47.1	58.2	53.5	55.6	41.6	54.8	57.7	56.5	52.3	50.4	57.0	46.6	49.9	0.0	46.3	55.9	44.8	52.1
60.7	44.0	46.6	56.7	54.5	52.8	53.5	41.4	60.1	52.1	57.6	47.2	44.3	41.6	44.1	54.4	0.0	53.1	45.5	57.4
56.5	51.4	47.4	41.3	59.3	49.3	47.4	54.6	41.8	51.1	55.9	55.3	48.6	43.5	55.2	56.4	59.4	0.0	41.2	59.4
58.1	58.9	46.7	58.6	42.2	57.6	50.6	58.9	42.4	49.2	43.8	43.4	53.5	56.6	52.9	44.5	52.6	57.3	0.0	53.5
41.2	53.1	45.2	49.6	50.4	43.1	54.5	58.8	53.2	48.4	56.6	58.7	50.3	42.8	55.7	47.4	46.8	48.8	49.8	0.0
0.0	47.6	47.1	50.6	47.2	49.9	47.8	47.4	52.8	55.4	54.0	52.5	55.0	57.0	43.3	47.7	47.1	45.6	60.6	49.9
56.5	0.0	58.2	46.8	52.7	57.4	42.7	55.5	46.4	59.3	49.5	42.1	45.3	51.0	54.8	59.7	52.5	51.7	45.7	60.2
49.7	52.5	0.0	60.2	55.5	46.5	41.7	41.4	59.0	56.2	41.9	48.0	53.6	43.1	57.3	41.4	43.4	57.1	45.0	60.5
45.3	41.8	50.7	0.0	44.1	48.8	42.4	53.3	45.1	60.0	59.4	42.0	42.9	56.5	60.4	50.3	58.3	49.8	58.4	51.4
53.9	59.9	50.6	46.4	0.0	56.2	53.8	49.2	43.4	45.3	41.5	50.1	41.7	56.0	41.5	44.7	44.9	53.2	48.8	59.3
41.5	48.2	55.8	57.1	51.8	0.0	42.1	47.7	42.6	48.3	41.1	48.0	54.8	41.5	55.0	54.1	47.2	46.4	59.1	43.6
47.0	57.8	56.2	51.2	45.2	59.2	0.0	43.4	55.2	41.5	59.0	60.1	51.8	46.3	42.2	42.0	58.0	57.7	43.2	44.8
44.6	57.3	43.7	45.3	53.3	42.9	55.5	0.0	56.8	56.1	42.9	48.0	58.4	48.6	54.5	51.4	52.0	41.1	59.2	43.2
53.2	56.5	45.4	45.8	60.4	54.9	55.6	57.1	0.0	49.2	50.9	56.0	54.0	54.5	49.3	56.3	52.7	43.2	43.0	56.4
44.6	58.1	60.2	60.5	48.4	58.2	54.2	54.5	59.7	0.0	49.9	57.3	46.1	47.6	45.4	58.2	48.7	52.9	58.9	41.1
50.5	56.0	54.7	51.4	46.6	56.3	42.4	49.5	52.3	58.9	0.0	45.4	53.8	42.9	56.2	52.1	53.2	48.4	45.3	53.1
45.7	44.2	49.0	56.5	58.8	41.8	45.7	50.4	60.2	44.8	52.1	0.0	53.0	44.3	41.8	57.4	56.6	44.6	41.4	52.9
46.2	57.8	45.4	46.6	43.4	53.2	51.5	60.6	55.3	43.4	55.6	59.8	0.0	49.3	55.4	59.3	43.7	55.7	49.7	51.4
59.7	56.2	46.9	44.1	46.7	51.7	55.5	46.0	50.1	58.1	55.4	52.8	45.1	0.0	44.4	50.7	48.1	60.1	49.1	42.7
48.8	58.5	57.7	58.0	48.2	48.3	41.5	45.4	51.6	45.0	59.8	52.6	45.3	44.2	0.0	60.9	59.8	45.7	55.8	49.4
48.0	48.1	47.6	42.7	51.9	45.9	46.3	45.0	57.2	50.5	52.6	59.3	59.9	60.4	47.7	0.0	51.7	55.7	44.0	45.9
52.9	60.1	56.2	45.0	56.2	45.3	57.3	48.1	57.2	53.0	59.4	56.4	54.4	57.4	55.0	56.4	0.0	43.5	60.8	42.7
56.4	57.8	47.4	46.6	51.8	47.1	45.2	42.8	60.4	56.1	59.7	42.5	59.7	53.5	46.3	46.8	57.8	0.0	56.0	53.5
52.8	47.5	51.1	50.1	43.5	45.3	50.7	60.2	54.6	44.9	45.1	59.9	58.2	48.6	47.8	57.7	55.3	45.6	0.0	52.8
47.6	46.4	54.4	55.0	56.6	43.8	60.8	58.2	48.2	49.6	58.9	56.8	43.3	56.1	45.1	57.6	45.5	42.0	57.1	0.0
0.0	41.6	56.4	43.3	48.8	51.3	48.1	58.3	49.3	59.9	48.7	52.8	49.8	60.5	56.1	59.0	47.2	57.5	46.5	50.5
46.4	0.0	49.5	58.2	55.0	47.9	52.3	42.9	56.7	59.3	55.4	42.4	56.1	42.6	45.2	59.9	55.9	48.3	60.4	50.7
51.7	56.0	0.0	45.3	45.0	45.1	55.7	49.2	58.8	42.4	49.3	46.0	57.3	54.6	47.6	47.2	41.5	43.9	56.9	60.3
53.9	58.6	46.4	0.0	57.2	44.5	60.8	58.9	56.2	50.6	59.2	50.6	58.4	59.0	49.4	46.2	42.3	60.5	57.4	54.9
50.2	55.2	51.0	44.4	0.0	43.6	46.7	60.4	55.3	43.8	43.4	47.6	48.7	54.5	54.5	50.3	49.3	43.5	59.6	50.4
43.4	58.6	44.5	51.3	50.0	0.0	51.6	58.2	50.8	46.0	58.2	49.4	48.8	55.2	51.4	48.8	42.8	52.0	50.9	57.8
60.9	59.4	46.8	41.2	45.5	47.9	0.0	47.4	43.3	53.8	50.5	58.1	46.5	55.4	59.1	43.9	52.7	60.2	47.9	53.0
47.4	46.8	56.9	48.7	43.2	44.4	42.1	0.0	55.9	60.0	60.9	58.2	50.9	54.6	56.9	56.5	55.3	43.5	56.1	51.1
56.6	54.4	53.7	54.8	50.9	55.3	45.0	46.6	0.0	61.0	48.5	47.7	52.7	45.9	54.2	55.2	45.0	57.9	57.3	54.2
58.0	59.4	55.9	42.9	50.5	51.1	58.4	46.3	41.6	0.0	60.1	56.3	53.0	41.2	42.3	42.4	44.2	53.7	55.5	46.8
58.8	44.8	47.4	59.0	48.2	52.1	47.7	42.3	58.4	54.3	0.0	57.8	50.6	50.8	45.9	41.7	42.8	58.5	60.5	51.8
56.1	55.0	54.7	50.4	51.1	55.3	46.0	41.7	51.6	53.2	53.9	0.0	60.2	51.0	57.5	57.6	52.4	52.3	47.5	46.0
42.8	53.7	46.0	48.6	50.1	59.8	56.7	57.0	52.3	54.1	59.8	47.2	0.0	49.1	51.7	60.4	57.0	52.2	50.5	45.8
46.4	55.3	52.5	42.6	53.6	51.2	41.1	50.4	43.6	52.7	54.9	47.3	42.9	0.0	48.8	60.1	57.5	41.8	48.2	56.2
59.7	43.8	55.8	55.1	56.5	45.9	45.4	55.3	45.1	60.4	42.3	42.3	56.5	49.0	0.0	55.0	56.9	58.1	45.0	52.5
57.8	56.0	45.8	54.0	52.5	52.4	47.4	57.4	51.2	45.5	51.9	54.2	56.9	57.3	41.7	0.0	51.1	45.4	53.8	59.0
46.7	49.8	41.2	46.9	51.9	58.9	57.6	55.2	52.4	59.7	56.5	44.1	51.9	59.1	44.3	59.6	0.0	42.0	58.6	57.0
48.0	46.4	44.9	55.8	60.0	53.0	55.9	59.6	45.9	50.8	47.8	57.6	53.2	49.4	57.8	46.4	47.8	0.0	58.0	56.7
42.8	52.9	51.7	56.8	49.4	55.8	50.0	59.7	46.7	45.1	43.8	52.9	41.6	54.1	48.4	59.4	52.7	60.9	0.0	47.4
52.6	60.7	45.4	48.6	47.3	41.5	45.6	50.7	49.7	52.5	47.5	42.8	44.8	56.7	58.8	59.6	48.6	52.7	42.1	0.0
0.0	53.6	54.3	53.8	56.0	51.3	56.6	52.2	50.3	47.4	54.4	48.3	54.2	55.8	43.4	42.9	41.3	49.2	57.6	54.9
54.0	0.0	51.1	46.5	57.9	45.7	57.3	57.8	58.7	47.0	48.1	41.6	43.0	55.3	57.1	47.4	50.9	48.4	56.9	49.0
46.0	57.1	0.0	47.4	58.1	45.0	43.0	49.4	47.9	57.9	58.9	46.2	50.2	55.4	58.4	54.6	49.5	47.3	46.3	54.3
52.3	42.6	58.4	0.0	55.8	56.3	46.1	49.5	60.6	51.2	43.9	42.3	60.6	43.7	41.0	49.5	45.7	42.7	41.5	41.8
45.0	47.7	54.4	41.8	0.0	52.2	55.7	52.5	49.8	57.0	53.4	59.7	58.8	47.2	54.9	50.3	58.4	43.4	57.4	46.8
59.7	47.7	58.9	43.6	59.2	0.0	60.4	44.1	54.7	53.1	55.0	56.4	60.3	56.4	45.4	54.3	50.7	47.0	51.7	55.3
46.9	58.6	60.3	55.4	42.3	48.4	0.0	45.7	48.9	56.2	53.9	47.2	42.5	59.5	50.3	43.1	57.9	46.5	56.1	44.3
57.1	52.1	44.5	54.0	53.1	41.7	50.5	0.0	58.3	47.5	46.1	43.0	45.3	42.2	46.4	44.0	49.0	46.4	42.7	46.0
47.6	46.6	47.2	55.3	46.5	51.6	46.8	41.3	0.0	52.4	59.4	53.5	42.0	49.0	51.2	52.4	58.4	53.2	49.4	56.0
48.8	48.0	58.1	53.1	60.6	51.9	53.8	48.8	42.1	0.0	57.5	61.0	41.9	44.6	42.6	44.8	42.5	45.4	49.1	53.7
56.5	55.4	43.5	49.9	41.8	45.6	41.7	52.2	45.5	44.1	0.0	50.7	52.1	54.7	58.0	52.7	58.3	57.2	50.1	61.0
45.5	56.2	60.0	49.0	45.3	60.8	41.2	53.1	59.9	59.6	46.0	0.0	43.9	59.9	48.6	50.0	51.3	45.6	51.4	52.1
44.8	60.4	49.3	52.7	50.2	47.8	41.1	52.3	41.7	57.7	54.6	53.5	0.0	60.7	57.3	47.3	57.2	43.6	49.7	58.7
45.6	56.1	45.7	50.6	50.7	55.1	51.9	59.7	46.5	44.3	42.6	41.8	44.7	0.0	55.0	57.1	48.1	59.4	50.0	57.2
44.2	43.3	46.4	52.3	60.6	54.7	44.1	55.5	57.5	52.4	45.6	54.2	51.0	50.6	0.0	58.0	60.1	46.4	46.7	45.4
52.0	51.4	46.6	58.9	49.2	42.2	43.6	41.5	57.3	57.8	51.7	48.7	51.4	44.1	52.5	0.0	50.3	54.7	54.8	46.3
50.9	41.8	42.2	44.4	43.5	51.4	55.9	45.2	56.6	52.7	51.2	53.3	56.3	60.0	58.8	42.8	0.0	51.3	44.9	43.8
44.0	55.3	54.8	60.5	52.1	57.5	50.0	53.1	51.0	43.6	47.5	49.1	51.2	44.1	41.4	50.7	56.5	0.0	50.1	46.3
49.8	60.3	56.8	41.4	51.4	46.3	55.8	54.7	58.9	54.2	60.3	51.2	53.3	46.0	42.2	51.1	58.6	46.7	0.0	57.6
46.0	47.1	60.9	48.7	43.4	41.3	42.8	59.6	50.2	57.0	41.2	55.7	43.5	49.2	41.7	43.6	57.5	43.9	43.0	0.0
0.0	52.7	42.3	58.3	54.7	57.3	52.0	59.7	41.9	53.2	48.4	42.6	60.3	50.1	42.1	55.6	44.3	53.8	50.8	51.7
42.7	0.0	59.3	46.3	54.2	50.4	49.9	53.7	53.3	54.7	56.3	55.6	53.2	59.9	42.9	41.6	50.7	58.7	45.6	50.5
57.4	49.6	0.0	42.2	59.3	56.5	48.7	44.5	49.5	41.3	41.3	60.6	47.5	46.3	56.6	60.8	48.8	45.7	43.8	49.1
59.5	54.7	45.0	0.0	51.9	43.3	59.4	47.2	42.1	52.4	43.5	45.2	42.0	56.2	60.9	50.4	58.6	55.9	56.5	45.4
43.7	55.8	58.7	55.4	0.0	60.8	59.4	54.2	44.4	48.9	59.2	58.4	53.4	58.3	51.5	48.6	58.2	61.0	57.3	41.5
43.5	59.1	49.5	55.8	59.1	0.0	47.1	43.8	54.7	60.7	57.6	47.1	47.6	59.7	44.1	46.5	51.7	59.0	59.2	58.9
48.3	55.9	54.6	58.6	50.8	43.7	0.0	43.6	46.0	59.0	48.4	43.7	45.0	48.3	43.3	48.5	60.6	42.1	46.7	51.6
48.9	46.3	59.8	56.1	43.7	46.3	58.5	0.0	43.8	41.9	48.0	58.5	60.5	45.6	42.3	59.9	41.5	51.2	60.6	59.9
56.2	41.1	57.6	44.8	50.5	48.2	58.1	43.3	0.0	59.5	57.8	46.2	43.6	43.8	54.3	52.1	48.2	41.3	49.9	53.1
49.6	56.4	58.3	60.7	48.3	54.3	46.6	46.2	45.0	0.0	48.4	48.5	50.9	52.8	56.3	46.1	42.4	43.7	58.1	58.4
56.1	52.0	60.6	41.9	48.5	46.0	48.5	52.2	43.7	41.4	0.0	45.7	49.7	41.8	50.5	60.1	56.1	58.6	60.1	50.4
54.8	44.0	43.0	46.3	54.8	60.0	60.4	56.2	49.7	54.6	43.9	0.0	54.9	45.9	50.2	54.0	60.2	58.0	44.7	48.0
57.7	50.1	59.4	44.0	44.1	56.2	55.0	45.9	47.9	51.6	51.3	59.2	0.0	53.7	42.6	50.2	57.7	46.5	48.3	54.0
53.6	59.3	53.8	55.5	48.6	47.3	44.4	43.9	46.9	50.3	55.2	53.2	47.1	0.0	48.7	58.6	48.1	47.4	44.5	49.2
54.7	42.1	45.7	42.9	44.9	54.2	43.5	45.6	60.5	50.5	45.5	58.8	50.7	58.9	0.0	54.8	56.4	53.4	56.0	56.9
46.7	48.0	47.8	53.4	53.4	41.4	42.4	50.9	46.2	53.9	50.1	55.7	52.3	49.5	50.9	0.0	43.8	41.9	45.3	44.0
57.2	47.6	56.9	53.2	51.6	53.5	51.6	55.4	52.8	53.7	43.9	43.2	52.6	49.1	47.0	56.8	0.0	41.2	42.2	48.5
51.9	58.6	43.3	54.9	42.9	47.1	58.0	53.0	51.3	58.0	43.0	46.6	48.7	57.5	50.7	49.4	52.1	0.0	58.2	41.1
41.6	60.9	59.8	58.7	47.0	53.4	45.6	54.8	49.8	49.9	55.7	49.1	41.5	49.1	42.3	54.6	47.9	54.6	0.0	43.6
45.4	47.2	43.8	55.2	49.7	60.2	46.0	59.4	57.4	45.2	49.1	55.2	50.0	60.9	45.6	45.9	53.4	56.6	43.0	0.0
73000	73000	73000	73000	73000	73000	73000	73000	73000	73000	73000	73000	73000	73000	73000	73000	73000	73000	73000	73000
10																			
10																			
10																			
10																			
10																			
10																			
10																			
10																			
10																			
10																			
10																			
10																			
10																			
10																			
10																			
10																			
10																			
10																			
10																			
10																			
12																			
