89	106	113	131	123	125	168	173	180	182	200	212	224	238	236	243	263	256	269	292
92	122	124	141	132	159	155	171	170	182	207	198	204	244	241	240	277	266	281	304
95	114	111	125	143	144	141	166	184	182	187	223	206	232	243	253	248	257	284	295
89	101	124	125	140	165	157	177	181	193	209	213	226	220	237	249	272	273	278	289
82	111	140	136	147	155	176	166	200	172	211	206	222	229	226	230	253	269	290	286
88	104	122	142	131	154	163	170	181	182	190	209	213	228	247	257	260	275	267	280
92	108	115	138	137	163	154	172	186	179	205	211	200	225	241	241	270	256	274	294
116	123	105	137	133	149	157	187	180	190	214	207	241	231	215	251	252	294	281	312
104	115	124	141	150	138	161	170	163	184	198	186	207	240	222	239	270	271	282	293
108	102	135	137	145	144	167	183	188	201	215	198	223	240	244	241	258	274	277	292
85	107	116	129	125	147	148	166	173	178	210	191	219	222	227	247	251	274	277	290
101	118	122	126	130	145	154	169	165	198	196	224	216	234	233	234	258	279	284	319
94	91	113	139	135	150	175	175	204	191	190	195	215	226	255	252	256	256	274	281
108	103	116	134	127	153	170	172	189	199	186	206	226	223	250	236	268	261	275	292
111	123	133	122	134	151	162	161	177	193	203	209	237	230	250	253	267	255	290	266
30	33	38	38	43	47	51	58	52	58	63	60	68	71	68	75	78	84	84	94
29	30	39	39	43	47	49	50	50	60	62	63	68	70	71	71	79	81	79	96
29	32	33	42	40	45	49	45	50	64	65	64	65	70	73	73	77	83	84	89
32	28	33	42	47	44	49	55	52	57	59	61	68	69	71	73	80	80	81	89
35	31	36	37	38	43	50	53	55	56	56	65	67	72	71	76	75	81	86	81
32	37	35	39	42	44	49	47	57	58	60	62	64	68	74	72	77	77	92	87
35	36	35	41	45	47	45	56	51	57	60	62	69	72	68	81	80	82	82	89
37	32	33	37	40	46	49	44	51	62	63	65	65	66	72	74	80	81	79	85
32	31	29	34	47	50	40	47	55	56	60	63	60	73	69	79	81	85	85	91
24	33	37	36	47	47	49	55	47	57	61	63	67	64	65	72	79	84	86	86
28	34	33	38	45	42	47	47	51	64	58	61	64	66	74	75	78	81	82	86
29	38	33	38	41	46	50	50	49	57	58	61	63	71	72	75	79	78	88	84
25	32	40	41	42	43	49	52	51	56	54	64	68	68	69	75	76	81	86	91
25	26	30	36	46	47	45	51	53	54	60	64	67	69	70	69	80	85	83	88
31	32	39	43	41	42	50	57	55	57	60	61	72	64	73	75	83	80	89	87
2.4	2.8	3.1	2.6	2.5	3.3	2.0	2.8	3.3	3.5	2.1	2.2	3.1	3.1	3.4	2.9	2.1	2.5	2.7	3.4
2.7	2.0	2.7	2.3	2.3	2.6	2.8	3.0	2.7	3.2	2.9	2.3	2.1	2.2	2.1	2.1	3.3	2.8	3.1	3.1
3.4	2.2	2.8	2.3	2.3	3.4	3.4	2.6	2.8	3.4	2.4	2.5	3.0	3.2	3.5	2.6	3.1	2.2	3.4	3.1
2.8	2.8	2.2	2.8	2.5	3.1	2.0	3.4	2.3	2.9	3.3	2.9	3.3	3.0	2.6	3.4	2.1	2.1	2.9	3.1
2.5	3.4	3.0	2.2	2.9	3.0	2.6	3.3	2.9	2.5	2.8	3.2	2.6	2.5	3.0	3.3	2.8	2.1	3.5	2.5
3.2	3.1	2.8	2.0	2.6	2.6	3.3	2.9	2.2	2.7	3.2	2.9	2.6	2.6	2.6	2.2	2.9	2.6	2.9	3.2
3.0	2.5	3.2	2.8	3.0	2.4	3.1	3.4	3.4	2.5	2.3	3.2	2.3	3.0	3.3	2.2	2.5	2.8	2.1	3.2
2.6	3.2	3.4	2.6	2.4	3.4	2.9	2.7	3.2	2.2	3.5	2.2	2.2	2.7	2.0	2.6	3.3	3.5	2.5	2.8
2.7	2.3	3.0	3.0	3.1	2.3	2.2	2.9	2.4	2.5	3.0	3.5	2.5	2.1	2.3	2.1	2.0	3.0	3.2	2.1
3.2	2.1	2.5	3.3	3.1	2.9	2.2	2.0	2.8	2.6	2.1	3.4	2.1	2.4	2.0	2.4	3.0	2.7	2.6	3.1
2.2	3.3	2.9	3.3	2.8	3.4	3.0	2.1	2.3	2.2	2.2	3.4	3.2	2.1	2.9	3.3	3.3	3.4	2.8	2.8
2.3	2.9	3.0	3.5	2.3	3.3	2.2	2.6	2.2	2.7	2.1	2.8	3.2	3.2	3.4	2.6	2.3	3.4	2.8	2.6
3.3	3.1	3.1	2.6	2.7	2.1	3.2	2.8	2.9	2.0	3.3	3.0	3.2	2.9	2.6	2.9	2.4	3.0	2.2	2.8
2.4	2.4	2.8	3.3	2.6	3.0	3.1	3.5	3.2	3.2	3.4	3.2	2.0	2.9	3.1	3.4	2.0	2.4	3.1	2.3
2.9	3.5	2.1	2.8	2.8	2.4	2.0	2.3	2.3	2.9	2.1	3.5	3.2	2.9	2.2	2.3	2.0	2.2	3.3	2.3
2.5	2.8	2.3	1.1	2.3	1.8	1.2	1.7	1.0	2.7	1.9	1.7	2.3	2.6	1.6	2.1	1.6	2.8	1.1	1.9
1.2	2.3	1.7	2.7	2.5	1.0	3.0	2.5	2.6	2.2	2.0	1.3	1.5	1.9	1.7	1.1	2.3	2.4	2.2	1.3
2.7	1.5	1.5	1.3	2.2	2.7	1.7	1.7	1.8	1.5	2.9	1.6	1.3	1.2	1.5	1.5	1.2	2.0	2.1	2.1
2.3	2.7	1.2	1.9	1.3	2.1	1.1	2.7	2.8	1.3	2.9	1.6	2.4	2.1	1.5	1.7	2.9	1.8	1.1	1.5
1.8	1.4	1.6	1.7	2.9	1.5	2.1	3.0	2.8	2.3	2.9	2.4	3.0	2.8	2.7	1.6	2.5	2.6	1.5	2.4
2.0	2.2	2.5	2.9	1.6	1.1	2.9	1.8	1.3	1.7	1.5	1.2	2.5	2.0	1.1	2.6	1.1	1.4	1.3	2.8
2.4	2.8	1.8	1.1	2.7	1.2	1.4	1.1	2.7	1.8	2.8	2.2	1.8	1.9	2.7	1.0	2.1	2.4	2.9	1.8
2.7	1.6	1.8	1.0	2.8	2.0	1.7	2.3	1.5	1.2	2.4	2.0	2.0	2.6	2.6	2.8	1.9	3.0	2.4	2.4
1.4	1.2	1.2	1.9	1.6	2.6	2.4	2.5	2.7	1.8	1.3	2.9	1.8	1.2	1.1	1.1	2.2	2.7	1.3	1.4
1.7	1.5	2.4	1.4	2.2	1.8	1.3	1.6	2.9	2.2	2.2	1.0	2.0	2.4	2.5	1.9	3.0	1.9	1.8	2.2
2.8	3.0	2.7	2.9	1.1	1.9	1.2	2.6	2.4	2.6	2.5	2.9	2.3	2.3	1.5	2.5	1.8	1.1	1.5	2.6
2.0	1.5	1.6	2.9	3.0	1.8	1.6	1.4	2.8	1.3	2.3	1.3	2.5	2.1	1.1	1.9	2.7	1.3	1.8	2.6
2.3	2.5	1.6	2.1	2.6	2.0	1.1	1.9	2.9	1.1	1.6	2.3	1.6	1.2	1.1	2.1	2.0	1.5	2.2	1.6
1.7	2.6	2.9	1.9	2.5	1.5	2.5	1.8	2.3	1.8	1.2	1.7	2.7	1.6	2.3	2.3	1.8	2.6	1.7	1.7
2.8	2.0	2.3	2.4	1.4	1.1	1.2	2.5	2.0	2.3	2.5	1.7	1.8	1.4	2.4	2.0	2.4	2.5	1.3	1.8
21.8	19.1	11.7	12.2	21.2	17.1	14.4	19.1	13.8	13.1	16.7	21.1	24.8	23.7	23.3	11.7	22.6	18.4	19.3	10.7
17.7	21.4	16.2	11.8	20.2	14.8	24.7	11.7	19.4	10.5	21.2	24.6	18.7	15.5	18.1	12.7	17.4	19.8	11.4	20.5
22.4	18.2	13.4	17.8	16.0	13.9	23.9	23.1	21.4	12.9	11.6	24.1	17.0	11.9	14.3	21.2	10.4	14.6	11.6	18.4
10.4	17.2	21.3	17.9	20.4	23.7	24.7	18.6	13.7	12.5	17.4	15.4	16.7	17.2	13.6	11.9	22.3	10.8	16.9	14.6
14.0	24.9	11.2	13.0	12.0	24.8	13.9	16.2	22.7	17.9	12.8	19.0	20.4	23.8	15.7	15.6	20.6	14.1	13.4	19.4
19.4	19.0	11.2	18.0	15.8	12.5	24.8	11.4	12.3	10.6	20.4	16.7	13.6	23.9	16.1	14.1	14.0	20.5	24.8	15.1
17.0	20.0	13.9	20.5	17.2	18.6	21.8	15.1	17.2	13.8	12.9	12.0	15.1	20.3	11.4	11.5	10.9	22.3	19.3	19.1
13.9	17.5	13.6	14.4	20.1	13.6	19.6	16.0	15.4	13.5	22.8	11.7	11.0	10.2	20.8	19.3	12.6	10.7	16.2	10.2
23.9	19.9	11.3	19.8	20.3	22.4	15.8	22.5	17.8	15.4	15.4	19.4	13.2	13.4	17.7	24.0	11.3	14.0	16.3	16.9
23.2	22.5	23.8	17.4	11.6	24.9	15.6	19.2	14.3	14.3	14.3	14.2	13.5	13.7	16.6	13.1	24.3	23.2	18.4	14.9
12.8	18.1	11.9	17.9	12.4	23.8	19.5	15.1	13.5	12.9	16.6	23.2	17.9	20.1	23.4	13.1	18.9	23.1	17.8	12.9
15.6	23.9	24.7	20.4	21.2	24.3	16.9	12.5	19.4	11.2	16.3	19.4	16.9	16.6	13.7	11.7	24.2	12.8	19.4	23.5
11.9	19.0	21.2	14.6	12.4	16.4	18.1	11.3	15.8	22.2	24.4	13.2	17.1	18.0	10.4	11.3	16.4	19.2	16.5	17.5
22.6	18.4	10.8	18.0	17.2	17.3	24.4	15.8	22.0	17.9	11.9	22.4	19.2	15.2	20.7	19.8	19.3	12.6	22.4	20.0
12.7	14.4	17.9	20.4	21.7	22.3	21.0	23.1	10.7	24.0	10.9	13.2	24.9	17.2	21.5	16.6	23.8	15.4	19.8	11.5
5.8	11.0	13.1	8.0	8.9	12.5	13.3	11.7	11.0	8.8	8.9	14.2	14.8	12.5	12.3	12.1	12.0	13.3	13.4	10.1
10.6	8.5	9.6	10.9	10.4	10.4	15.0	10.1	12.2	15.0	14.1	6.7	5.5	6.0	13.1	11.6	9.3	13.3	14.6	7.4
10.9	8.5	12.0	10.9	8.2	13.0	5.9	10.1	13.1	7.4	5.5	6.9	6.1	13.7	5.8	12.8	7.1	7.6	7.2	7.5
11.7	11.9	9.0	5.3	14.5	8.9	10.4	13.8	5.7	6.2	6.2	5.6	8.5	8.6	14.0	7.6	6.6	11.1	14.2	11.2
6.3	8.5	9.0	9.4	7.9	11.0	11.3	9.8	11.2	5.1	10.3	10.6	5.2	11.0	9.1	10.3	9.5	11.7	13.8	8.5
7.5	5.8	8.2	7.6	11.9	10.6	8.0	8.2	12.0	13.1	5.7	6.6	10.8	5.8	11.2	5.0	14.2	13.3	7.7	9.0
13.3	10.9	7.1	6.3	11.9	10.8	13.3	12.4	12.1	6.4	12.2	5.7	8.1	14.2	10.7	6.6	11.5	7.1	13.2	6.6
7.3	12.9	14.0	12.8	14.8	9.4	9.5	10.2	14.7	12.8	7.0	6.9	7.1	11.3	13.8	10.0	5.7	13.1	10.5	14.7
13.7	6.8	7.7	9.4	10.5	11.3	7.7	12.1	7.6	8.2	9.5	14.7	12.8	5.5	14.8	10.4	10.7	14.9	5.3	13.0
14.6	8.0	10.4	6.8	5.9	10.8	11.2	6.5	6.3	8.5	5.3	11.6	13.4	14.9	9.9	9.2	9.9	8.1	14.2	11.3
10.1	9.5	10.4	13.7	12.6	10.7	9.9	13.5	10.7	10.7	8.9	6.5	10.0	8.6	14.3	8.4	12.2	14.2	14.8	8.0
5.7	9.6	13.7	5.5	6.0	10.2	7.3	6.1	13.9	10.9	10.5	12.5	11.1	13.8	11.3	10.4	12.2	12.1	8.4	11.8
13.1	8.9	6.2	7.2	9.2	11.2	14.5	12.0	9.4	5.3	12.3	9.4	14.0	10.9	7.8	11.6	14.7	14.4	5.5	9.7
6.7	10.3	7.2	13.1	8.7	7.7	5.8	10.2	6.0	13.7	11.1	11.1	11.0	9.0	13.7	12.8	8.6	12.3	12.6	8.4
12.7	8.4	11.6	14.9	12.6	5.2	14.7	7.0	6.7	5.5	12.4	10.7	13.0	10.2	13.9	7.7	9.9	14.1	10.4	12.2
22.1	23.3	22.0	22.0	16.5	18.0	19.7	20.2	22.6	15.9	22.0	23.0	16.7	24.7	15.9	22.7	20.4	23.9	21.6	21.6
20.5	15.2	22.4	16.7	23.0	22.6	23.2	20.8	19.9	20.7	21.7	18.4	21.5	16.9	15.8	20.4	16.7	16.2	19.5	15.7
21.9	16.7	18.8	17.9	21.7	22.9	18.8	16.6	23.4	21.7	17.1	20.5	20.9	20.1	17.6	19.5	17.1	24.8	15.4	19.2
20.6	24.4	22.2	23.6	23.0	25.0	22.9	20.8	15.1	23.6	24.1	21.8	18.8	15.4	17.9	18.2	21.9	18.4	17.1	17.4
17.8	17.5	19.9	17.0	22.9	23.0	22.7	21.9	24.8	22.4	22.5	24.0	15.8	22.4	15.1	19.3	15.5	22.2	22.8	17.3
18.8	22.1	18.7	18.4	23.0	21.3	21.1	22.0	20.7	16.4	18.3	23.6	21.3	19.2	22.0	22.5	16.1	24.4	22.4	22.9
18.3	15.3	15.7	22.8	18.8	23.1	24.3	23.5	18.0	16.9	24.1	24.3	22.9	16.4	21.6	24.3	24.4	23.7	18.1	21.8
20.9	18.3	15.7	16.1	15.8	20.1	16.1	18.9	20.6	24.1	25.0	24.4	23.2	15.7	18.7	18.3	22.5	24.4	16.6	20.4
24.6	18.3	16.4	17.5	21.6	25.0	23.7	24.8	22.7	16.9	23.4	20.0	21.8	18.8	21.6	17.1	17.3	24.5	19.9	16.6
24.7	18.9	21.4	19.4	18.7	20.4	21.6	18.2	23.5	22.3	17.2	20.9	17.3	24.4	24.0	15.1	16.3	17.2	22.1	22.1
19.5	16.1	24.5	21.2	23.7	24.6	17.5	21.9	17.2	20.5	15.2	23.4	23.1	19.6	20.1	18.5	16.1	21.7	15.1	18.0
16.4	16.0	18.1	21.8	20.7	22.6	22.2	16.4	19.1	24.6	17.2	17.6	15.8	22.3	21.1	22.0	20.4	19.3	19.9	15.3
22.1	21.7	17.7	18.4	20.3	20.7	17.8	21.0	24.5	23.6	16.8	24.5	16.4	18.1	17.8	18.9	20.2	17.9	19.3	23.2
18.8	15.7	18.5	19.5	22.5	20.9	23.2	15.7	17.9	18.2	21.8	18.9	18.0	15.4	16.5	22.1	22.9	19.9	22.2	23.3
15.9	18.9	20.1	17.3	23.1	16.8	17.0	17.2	22.5	17.8	17.7	20.1	21.4	22.3	16.4	19.9	18.0	15.6	16.1	15.1
0.0	97.8	73.0	66.6	59.5	99.9	88.4	87.0	71.3	83.2	83.7	63.7	65.2	63.4	63.8					
92.1	0.0	74.0	55.1	59.7	99.9	86.6	94.3	70.0	56.8	65.7	64.2	81.7	66.7	71.8					
86.8	76.4	0.0	95.3	62.0	55.9	56.5	59.3	71.6	88.2	65.9	90.6	73.3	97.7	59.6					
66.4	64.2	84.2	0.0	92.6	75.6	64.0	88.0	87.1	70.3	56.6	69.7	85.8	61.5	63.4					
70.5	79.1	79.4	60.1	0.0	88.8	74.5	62.2	92.5	90.6	98.5	62.0	62.1	71.1	75.0					
97.7	82.0	82.8	69.5	93.5	0.0	96.0	68.3	63.6	58.5	69.8	74.5	76.8	66.6	75.2					
67.0	98.9	80.6	60.7	81.2	73.0	0.0	99.0	67.6	77.5	95.6	86.9	59.2	81.3	75.9					
56.0	67.5	55.5	89.3	56.3	93.3	74.4	0.0	80.3	98.7	96.8	95.5	99.6	70.6	64.7					
83.7	93.2	99.7	62.3	67.6	74.2	65.0	78.6	0.0	92.0	63.6	55.5	77.2	95.0	56.4					
60.3	91.3	86.5	88.6	63.7	84.5	76.1	58.9	94.6	0.0	92.1	90.2	77.5	66.6	63.1					
98.2	77.9	62.8	75.9	87.9	90.6	65.8	96.9	83.9	70.5	0.0	78.2	63.5	86.6	83.8					
66.0	83.1	67.1	89.6	84.8	86.7	97.7	66.8	68.2	94.3	87.2	0.0	64.7	99.8	63.8					
58.6	73.2	62.3	68.1	90.0	89.8	86.0	82.1	62.4	75.2	88.7	63.9	0.0	64.5	93.5					
90.0	99.0	98.2	65.5	72.3	85.6	69.2	82.1	87.1	61.0	88.7	55.7	93.0	0.0	66.3					
98.6	73.6	74.7	76.8	91.5	97.6	93.4	87.0	73.0	98.0	94.1	79.5	75.3	68.1	0.0					
0.0	98.3	87.2	73.7	90.6	56.4	65.9	64.3	84.3	70.5	76.5	60.2	93.1	59.9	84.1					
99.6	0.0	67.5	69.6	63.7	63.8	84.0	60.6	61.8	81.9	91.0	82.4	77.3	87.9	75.8					
58.9	65.3	0.0	64.0	65.3	56.4	61.5	99.8	75.7	55.8	95.0	92.7	71.7	69.5	81.0					
89.6	98.1	73.0	0.0	83.4	65.7	77.4	62.2	74.8	91.8	68.7	93.9	69.0	75.0	83.6					
63.4	71.0	94.2	81.5	0.0	89.2	78.3	85.5	58.7	68.3	79.9	72.0	63.0	98.1	92.9					
62.4	67.9	57.1	94.8	88.5	0.0	55.6	66.3	58.0	71.4	57.2	97.7	85.0	97.2	56.9					
66.3	59.9	84.6	92.8	57.4	59.2	0.0	75.6	89.5	71.5	97.6	59.3	60.9	60.4	95.8					
82.5	80.6	76.2	92.1	66.5	85.7	69.9	0.0	56.2	80.4	86.0	72.0	66.5	72.1	83.7					
73.9	81.1	88.9	84.4	88.5	87.8	55.1	79.5	0.0	79.8	59.4	83.5	55.8	71.8	76.6					
80.6	87.7	98.3	69.3	92.6	97.1	55.6	70.9	95.2	0.0	57.6	95.2	61.8	74.9	83.3					
75.1	83.7	76.2	76.4	94.4	67.9	77.8	87.0	88.2	67.3	0.0	98.8	72.8	78.0	64.2					
75.5	60.6	88.6	99.3	77.9	75.2	88.7	56.0	55.8	60.2	67.4	0.0	92.1	82.9	87.5					
79.9	63.8	76.9	80.4	61.9	92.7	79.8	67.5	99.8	57.1	87.7	76.6	0.0	72.0	91.7					
62.6	93.3	90.4	84.6	89.9	68.4	78.2	94.7	76.1	87.4	68.0	65.5	69.6	0.0	81.0					
55.5	79.5	63.4	95.5	78.0	80.6	79.5	74.4	72.5	57.1	60.3	75.5	99.0	71.8	0.0					
0.0	80.1	95.1	76.4	90.2	79.9	80.8	75.9	74.2	96.5	59.5	79.7	80.9	73.3	57.1					
61.4	0.0	97.9	78.0	92.2	68.4	75.7	67.0	87.4	56.8	80.0	75.3	64.3	74.4	78.8					
90.5	94.9	0.0	78.1	59.2	74.7	81.4	81.1	76.6	89.0	68.4	77.7	60.6	93.3	87.4					
81.4	85.3	87.8	0.0	92.1	59.7	88.0	68.4	65.7	99.0	92.7	95.8	67.9	73.5	73.9					
60.8	91.2	77.5	69.4	0.0	70.7	70.0	89.2	90.9	79.7	84.7	98.6	68.6	79.8	59.3					
73.4	97.2	60.9	61.9	82.5	0.0	78.4	98.9	94.7	73.3	97.8	96.8	99.2	55.4	78.7					
82.5	58.9	85.9	90.9	63.7	74.7	0.0	79.8	85.7	77.1	61.5	61.8	60.3	56.2	59.3					
74.1	64.7	99.3	71.8	79.7	91.8	64.9	0.0	96.3	72.4	75.3	73.5	73.3	73.9	74.5					
94.2	99.6	55.2	95.7	63.8	99.8	77.0	92.3	0.0	64.7	98.0	71.6	76.0	79.3	67.3					
72.7	68.3	84.8	80.0	66.1	94.2	61.6	60.1	62.3	0.0	82.5	88.1	71.8	59.5	90.5					
77.9	86.7	97.6	68.4	73.8	83.9	97.5	86.0	64.3	59.7	0.0	95.9	81.2	85.3	78.4					
58.5	91.3	79.0	69.7	96.4	71.0	79.6	86.8	60.0	62.8	64.8	0.0	80.0	69.5	72.5					
59.0	55.6	73.4	71.5	67.9	71.3	71.8	76.6	73.2	68.9	65.2	56.1	0.0	77.1	70.5					
84.5	84.1	83.7	59.5	71.4	57.0	96.7	87.1	82.1	99.7	82.9	58.1	78.6	0.0	73.9					
55.9	74.3	94.4	64.7	90.5	56.6	63.6	67.5	80.6	75.2	91.0	60.9	88.2	89.6	0.0					
0.0	93.2	93.1	56.5	79.3	80.9	92.4	58.6	90.7	66.9	85.7	55.5	86.0	62.4	79.0					
92.6	0.0	97.5	87.1	72.4	97.3	57.9	89.9	85.6	83.3	79.9	77.2	64.8	73.5	61.6					
98.8	76.3	0.0	68.3	74.1	81.2	87.1	75.5	85.3	66.9	87.6	81.9	72.1	93.6	70.7					
87.0	58.0	87.4	0.0	62.6	66.0	58.4	59.7	91.6	87.3	78.6	89.7	72.0	78.2	59.4					
81.3	63.3	82.7	94.7	0.0	72.0	76.6	77.7	84.7	79.0	73.9	85.1	78.2	64.9	78.2					
94.6	68.5	89.8	60.8	79.8	0.0	56.0	85.7	72.2	80.0	62.6	81.6	63.5	95.4	83.6					
99.1	55.8	94.3	74.1	64.2	59.9	0.0	64.8	78.9	81.0	94.3	95.8	81.7	73.6	59.5					
95.9	59.9	95.2	76.6	57.9	66.7	90.7	0.0	94.1	73.7	93.3	59.1	69.9	88.5	77.4					
60.2	96.8	99.1	79.6	80.0	80.1	66.1	80.5	0.0	57.9	65.9	68.4	65.9	87.0	65.8					
99.5	66.1	81.4	82.3	75.3	64.4	69.3	90.7	87.7	0.0	72.7	73.2	82.2	95.9	65.2					
85.7	95.0	64.6	74.8	98.8	61.3	79.9	63.0	60.7	79.2	0.0	86.8	56.3	60.9	92.7					
74.9	82.0	77.3	77.3	72.1	89.3	84.6	56.2	63.1	86.6	82.2	0.0	63.6	68.7	86.4					
81.1	66.9	78.0	88.2	83.4	80.3	81.4	69.2	96.1	55.5	55.1	72.6	0.0	74.3	58.4					
63.0	81.0	91.7	70.8	75.3	75.2	61.4	86.9	94.2	81.3	93.3	80.4	56.5	0.0	58.8					
61.7	70.5	94.9	75.1	58.5	65.9	79.3	63.3	97.0	59.9	87.3	73.1	99.7	97.1	0.0					
0.0	74.2	77.2	76.7	91.0	72.0	59.3	97.7	77.3	83.9	66.5	84.6	62.4	79.5	81.8					
73.1	0.0	72.2	91.7	57.4	96.5	87.1	73.4	84.1	57.5	82.0	98.1	85.0	57.2	85.4					
98.8	79.9	0.0	83.5	62.9	59.4	89.3	84.6	73.8	68.0	80.2	73.7	60.8	82.5	97.6					
92.7	90.2	60.8	0.0	82.8	55.7	55.1	72.2	81.6	88.9	75.5	74.4	56.1	55.1	87.5					
79.1	93.1	98.9	90.0	0.0	56.9	79.5	64.0	91.7	79.2	79.3	82.0	61.0	62.3	76.9					
76.1	77.9	84.2	96.1	92.1	0.0	95.3	76.7	72.1	61.3	55.2	94.5	71.9	94.7	77.2					
77.8	81.0	57.0	89.4	84.1	84.4	0.0	91.6	55.7	82.7	74.0	79.6	72.0	98.9	75.9					
71.1	86.2	63.4	79.7	98.7	77.7	55.7	0.0	64.5	99.7	99.9	68.6	64.0	89.8	75.3					
76.4	69.3	79.4	55.1	60.4	69.5	92.5	64.7	0.0	94.7	97.1	61.9	78.5	72.5	97.5					
62.7	65.1	92.2	69.2	70.0	76.3	98.3	69.1	99.2	0.0	92.1	76.3	72.1	86.5	85.4					
84.6	56.1	59.1	80.9	76.2	83.3	58.2	93.1	97.7	59.5	0.0	75.3	63.8	72.2	72.7					
94.9	91.9	80.6	81.9	78.0	71.7	84.3	96.6	74.7	73.4	84.8	0.0	61.5	69.4	65.6					
99.0	67.2	63.4	88.0	74.5	57.9	70.0	64.3	92.8	85.4	80.5	74.0	0.0	90.7	92.3					
85.0	91.5	75.3	55.3	95.7	57.8	84.3	63.5	58.5	59.4	73.0	73.7	80.0	0.0	92.8					
61.7	93.4	95.0	90.0	85.2	65.6	56.7	63.8	63.2	60.0	73.6	81.3	76.2	58.3	0.0					
0.0	73.9	79.1	60.3	89.2	99.1	76.5	67.5	77.8	85.7	92.8	86.1	72.9	79.2	99.6					
68.4	0.0	56.1	59.7	71.2	56.6	59.3	71.8	95.4	88.8	55.2	86.7	73.1	78.8	73.3					
75.0	66.2	0.0	74.2	82.7	65.0	86.1	79.3	96.5	58.6	88.8	81.6	79.8	99.6	69.1					
90.1	91.8	98.9	0.0	80.2	91.6	87.1	89.0	61.8	68.5	55.2	66.0	74.0	92.5	96.2					
78.1	67.7	56.4	82.6	0.0	92.0	57.6	65.5	62.7	68.4	87.9	80.0	63.5	96.4	98.1					
87.2	79.6	70.3	86.9	64.4	0.0	75.6	91.0	69.4	79.0	80.3	82.5	77.0	97.5	73.1					
63.1	65.3	70.3	66.8	94.1	86.6	0.0	62.7	68.9	86.4	89.5	86.9	85.3	76.2	57.5					
70.3	97.2	66.6	62.7	71.6	91.2	68.6	0.0	96.0	81.2	87.4	65.6	98.0	76.9	91.5					
96.6	96.1	84.4	61.0	86.7	96.7	84.5	67.0	0.0	75.9	83.5	81.8	68.6	82.9	59.2					
78.7	82.0	56.4	73.6	80.0	79.8	62.7	66.1	85.2	0.0	77.0	96.6	70.6	98.8	55.9					
71.7	91.3	86.3	65.9	65.8	91.4	59.7	74.4	85.4	99.1	0.0	59.4	96.4	82.5	57.3					
98.3	99.4	56.6	90.2	90.9	60.6	77.8	60.3	93.2	87.0	60.9	0.0	73.4	89.6	83.9					
68.6	94.7	94.0	79.1	58.8	79.5	76.2	56.9	58.6	73.3	58.1	89.4	0.0	55.2	92.3					
71.2	81.5	83.9	63.9	64.6	79.0	59.8	89.0	58.1	83.2	76.4	73.7	76.3	0.0	83.3					
99.8	95.3	98.8	62.5	79.6	63.7	78.1	65.7	97.7	84.8	80.3	71.6	86.5	84.2	0.0					
0.0	73.2	73.5	58.9	92.7	98.9	77.1	65.9	87.9	62.9	68.7	83.2	89.3	59.9	95.5					
81.1	0.0	60.5	98.0	83.5	98.5	65.1	92.8	59.8	62.2	68.9	66.4	82.9	80.5	63.9					
98.4	64.8	0.0	79.3	99.8	58.3	81.9	58.3	82.5	81.3	90.4	56.2	84.8	86.5	98.3					
92.6	99.9	80.6	0.0	97.0	93.4	95.1	91.6	86.8	73.9	86.1	80.5	95.7	87.6	93.1					
63.1	72.0	73.2	75.9	0.0	67.9	64.4	88.4	73.3	98.4	60.1	95.2	91.0	76.2	58.5					
76.4	91.9	88.8	65.2	68.4	0.0	95.9	97.7	77.6	87.1	74.2	83.2	85.6	77.7	99.1					
80.8	70.3	61.8	60.5	59.3	93.4	0.0	78.2	57.8	56.6	84.6	77.2	95.3	71.0	74.2					
78.8	97.9	55.4	89.0	87.2	58.6	75.0	0.0	80.8	66.0	80.6	96.3	92.0	92.5	60.9					
77.6	69.8	63.6	56.4	86.2	60.7	83.4	72.0	0.0	95.7	56.4	76.4	69.6	61.3	76.4					
89.7	72.5	91.5	67.7	74.6	91.4	69.7	92.5	59.2	0.0	98.0	55.8	62.1	72.2	83.9					
85.4	95.0	59.7	94.8	66.8	95.7	83.6	79.8	97.6	71.6	0.0	97.9	71.7	62.6	76.8					
96.4	90.4	82.1	71.2	99.3	82.5	93.8	57.5	94.2	67.7	84.0	0.0	91.4	59.6	93.5					
81.9	75.0	77.2	72.8	85.2	82.0	82.6	59.2	99.3	94.0	98.9	87.8	0.0	82.1	79.1					
57.8	64.9	93.7	66.0	82.9	71.8	63.8	80.0	56.7	67.8	56.9	81.6	99.6	0.0	99.1					
76.4	71.0	56.2	81.6	64.2	88.0	62.3	96.5	93.6	80.4	72.1	76.2	62.1	88.3	0.0					
0.0	57.3	96.7	86.6	73.7	70.0	60.0	88.7	81.0	79.3	58.1	66.6	58.6	62.8	60.6					
57.3	0.0	86.9	59.1	92.5	88.6	97.2	86.4	89.1	84.1	87.2	74.2	75.4	75.4	85.6					
65.5	67.0	0.0	90.3	70.9	68.5	96.9	87.5	94.1	73.0	58.8	70.8	57.9	89.2	99.8					
75.5	90.0	81.3	0.0	61.7	77.5	79.5	74.2	91.6	71.4	66.7	86.7	94.1	63.9	90.1					
95.1	90.2	61.1	57.1	0.0	69.9	85.8	73.0	66.1	74.9	61.9	87.0	94.1	57.0	72.6					
78.7	78.2	61.3	76.4	94.1	0.0	81.1	61.7	85.8	55.2	70.2	73.9	93.8	64.1	84.0					
90.5	79.2	73.1	70.7	76.9	90.8	0.0	88.5	92.9	56.3	77.6	74.5	72.1	92.3	87.9					
65.1	71.2	69.2	85.1	72.7	68.0	86.6	0.0	66.7	87.8	99.1	78.9	75.1	83.2	96.7					
83.0	55.0	72.5	88.1	85.4	78.5	95.3	77.8	0.0	99.0	78.3	88.9	62.6	65.5	64.6					
73.8	68.1	92.3	74.8	88.4	80.2	81.1	88.5	78.8	0.0	71.0	90.7	83.5	58.8	57.7					
64.5	74.0	62.5	67.3	63.5	71.1	95.4	70.3	71.4	87.9	0.0	59.3	70.9	69.3	91.7					
55.4	76.5	97.5	76.6	68.2	63.7	77.7	97.8	77.0	79.7	87.7	0.0	95.8	95.8	90.3					
76.2	99.7	72.1	59.8	59.8	67.7	61.1	76.6	74.4	67.4	89.7	72.2	0.0	85.7	87.6					
96.1	71.9	95.2	67.6	81.7	82.2	55.8	77.6	89.9	81.4	90.0	90.3	68.8	0.0	55.4					
64.6	57.0	56.4	84.3	93.7	86.7	69.0	63.8	90.1	67.4	99.9	92.6	79.5	86.7	0.0					
0.0	82.9	57.1	65.9	76.6	96.2	62.7	78.8	60.5	87.9	95.4	61.0	63.2	93.9	94.0					
74.3	0.0	74.6	97.3	95.1	70.1	74.6	60.5	69.9	89.4	97.8	91.8	59.1	91.4	79.9					
79.1	63.7	0.0	84.4	69.0	79.9	68.8	81.3	94.6	83.9	88.8	59.7	86.7	68.9	63.6					
88.0	84.2	93.3	0.0	75.5	70.2	83.8	84.5	71.2	97.2	71.0	87.1	73.3	70.0	95.4					
77.0	76.3	63.2	93.6	0.0	66.3	81.7	62.4	90.2	87.1	90.3	73.0	97.9	65.8	64.9					
77.1	76.2	76.7	93.4	70.8	0.0	55.5	64.0	58.8	76.1	87.5	76.8	62.9	78.1	94.0					
66.2	60.2	65.8	81.7	78.9	59.7	0.0	99.4	87.9	92.3	74.4	66.0	60.7	70.4	72.9					
61.5	93.5	90.0	61.5	96.4	84.1	83.6	0.0	71.4	74.5	98.2	74.3	93.6	80.3	85.4					
81.2	97.5	60.8	59.8	66.9	81.6	70.3	97.1	0.0	70.9	91.0	57.5	83.8	69.8	95.5					
87.9	70.7	56.4	95.5	55.2	92.0	88.4	77.5	91.6	0.0	96.1	91.4	66.8	69.2	85.6					
73.0	69.8	84.9	71.1	77.7	97.5	91.7	92.6	80.6	64.1	0.0	89.6	61.2	60.2	89.1					
84.1	92.4	56.6	87.6	72.4	92.8	85.6	72.7	60.6	97.5	85.3	0.0	95.0	86.8	91.4					
71.2	98.1	93.1	60.5	81.2	59.0	69.5	75.9	69.1	62.9	69.3	66.4	0.0	95.1	87.7					
73.0	88.6	64.0	70.2	94.7	68.9	99.5	69.7	68.2	97.4	63.6	95.7	92.5	0.0	75.2					
77.4	78.0	80.2	92.5	56.4	94.9	95.0	71.4	75.6	80.1	96.9	67.1	62.5	69.9	0.0					
0.0	69.2	92.4	60.2	81.3	66.8	67.2	55.5	77.3	76.4	86.4	68.2	82.1	65.7	56.4					
61.5	0.0	88.7	79.6	96.4	70.3	70.4	95.4	73.1	97.8	74.3	94.2	85.8	73.7	63.5					
84.1	87.5	0.0	94.0	97.7	61.3	56.1	72.6	59.6	76.6	58.2	94.5	57.3	85.4	98.1					
79.6	59.4	83.8	0.0	84.6	77.4	92.9	91.0	77.6	77.4	88.3	88.3	93.1	84.9	91.2					
76.9	82.6	75.9	97.6	0.0	64.3	83.4	82.8	76.7	82.9	82.4	65.5	79.9	76.4	74.8					
58.6	85.3	62.0	72.2	77.6	0.0	86.3	87.2	83.8	73.5	85.5	69.3	68.0	62.8	89.6					
66.6	85.8	98.5	92.9	68.0	78.7	0.0	85.1	96.8	66.5	97.6	89.9	87.3	83.0	71.4					
78.9	83.2	80.8	85.5	90.0	57.7	63.8	0.0	73.7	65.6	90.1	83.0	74.6	71.1	77.8					
91.7	69.6	64.1	76.8	70.2	87.1	84.4	69.0	0.0	64.8	94.7	69.8	56.6	99.5	60.5					
70.8	77.6	78.8	61.3	76.1	72.4	98.6	72.2	88.1	0.0	58.9	97.4	69.0	77.9	81.4					
81.8	93.6	90.5	75.3	56.1	98.9	94.2	87.5	74.3	97.2	0.0	60.9	69.6	56.8	55.2					
80.7	68.0	62.7	55.6	94.5	56.0	93.9	62.4	99.2	65.8	94.4	0.0	74.1	87.9	95.8					
83.9	80.8	86.8	94.0	84.1	58.0	76.5	78.8	83.2	92.6	93.2	80.3	0.0	73.0	70.8					
96.0	84.9	58.5	78.4	92.3	98.1	65.6	94.2	77.0	81.5	66.9	57.6	65.6	0.0	97.7					
86.2	59.0	86.8	76.9	55.1	65.8	95.5	84.7	85.8	68.5	85.6	84.8	80.9	64.5	0.0					
0.0	69.3	59.7	66.9	62.0	95.2	90.2	81.2	66.5	92.6	83.4	90.3	56.4	67.1	85.4					
79.8	0.0	72.8	90.9	64.2	64.4	73.6	56.6	77.0	59.7	74.0	95.0	66.3	88.7	82.7					
63.3	91.4	0.0	65.1	61.2	55.0	78.3	92.2	60.6	65.8	57.4	87.6	71.4	71.6	93.1					
80.4	86.7	80.3	0.0	62.0	64.6	86.7	99.8	89.4	67.2	92.2	74.1	60.4	79.1	97.4					
90.0	83.7	82.7	91.2	0.0	78.4	72.1	97.2	85.7	91.9	78.1	83.9	78.1	90.8	59.2					
56.3	87.4	85.5	97.0	82.7	0.0	83.8	70.0	95.5	66.4	87.6	77.9	87.6	92.1	97.2					
84.7	66.8	77.1	78.7	58.1	69.7	0.0	70.1	68.3	66.1	71.7	71.0	86.8	79.7	73.7					
66.6	90.3	77.3	88.9	56.8	78.3	55.7	0.0	93.3	79.1	85.9	65.9	62.1	65.6	65.5					
61.1	99.5	87.1	69.7	78.0	67.5	83.9	62.0	0.0	81.3	99.2	55.5	89.3	83.9	93.8					
62.6	75.7	87.7	70.8	61.6	75.7	71.5	87.6	77.0	0.0	77.2	60.7	92.9	73.5	97.8					
98.2	83.3	94.6	87.3	77.3	68.1	71.1	73.3	55.3	83.2	0.0	68.1	70.5	90.8	89.3					
97.5	58.1	83.6	81.2	68.7	74.1	67.2	97.7	60.0	56.4	74.8	0.0	65.3	82.3	91.9					
86.9	98.1	66.5	93.0	77.6	69.3	74.1	55.8	80.2	73.9	95.5	94.8	0.0	96.0	60.6					
75.6	80.7	98.5	69.6	61.8	77.2	64.1	75.0	85.2	87.4	85.2	58.8	94.3	0.0	60.9					
74.2	59.7	68.4	80.7	82.4	61.3	81.3	80.1	78.8	58.8	99.6	55.4	64.9	56.5	0.0					
0.0	66.8	77.5	66.7	76.7	59.2	68.9	69.8	84.1	95.6	87.4	77.0	56.2	74.5	59.2					
77.1	0.0	76.8	56.2	81.4	91.7	69.9	66.6	80.3	99.8	85.9	59.1	62.1	76.0	81.1					
86.1	75.2	0.0	94.7	83.0	76.8	95.1	66.6	91.2	69.7	82.7	76.4	97.1	64.2	72.1					
86.5	96.4	67.4	0.0	58.1	94.3	86.4	96.6	69.7	92.8	55.3	84.2	97.2	85.2	97.1					
84.7	99.4	55.8	79.3	0.0	82.3	91.8	97.7	67.8	82.6	85.2	75.4	86.1	68.3	70.5					
78.7	85.5	70.8	65.9	68.7	0.0	69.9	57.2	93.5	60.4	91.5	63.5	96.8	71.8	89.0					
74.7	62.1	59.2	62.0	72.7	68.5	0.0	70.5	59.9	93.5	78.4	69.1	82.9	67.9	85.0					
57.3	92.0	82.8	68.3	97.6	60.1	56.4	0.0	79.1	65.0	63.2	98.5	90.6	59.7	80.9					
70.2	70.8	90.5	62.5	77.0	98.6	94.4	58.2	0.0	63.9	74.6	59.6	88.8	76.7	75.0					
84.3	94.2	99.2	64.6	79.9	91.1	87.0	66.2	76.0	0.0	84.9	62.1	87.6	86.6	57.4					
63.4	91.3	64.9	77.6	76.0	81.9	93.5	66.4	63.6	85.7	0.0	86.5	97.0	79.1	95.3					
64.8	95.3	60.9	75.8	57.1	80.7	63.7	88.6	57.3	98.3	69.2	0.0	99.0	94.3	64.5					
98.6	93.8	99.2	67.0	87.5	68.3	71.7	64.6	93.6	68.0	95.7	65.6	0.0	94.2	83.2					
56.8	92.7	65.5	93.1	76.0	59.9	96.6	81.5	82.2	99.3	68.3	74.2	57.5	0.0	85.9					
97.2	70.9	92.9	90.2	96.9	93.3	55.6	85.3	65.8	98.4	81.5	96.4	67.5	85.1	0.0					
0.0	72.5	86.5	78.9	58.9	95.1	99.3	86.5	69.7	63.7	63.3	65.7	67.0	82.8	89.7					
77.0	0.0	78.2	72.9	80.9	70.2	58.9	83.9	90.8	97.6	87.8	89.7	79.5	58.9	62.1					
57.7	94.5	0.0	89.3	63.8	59.4	90.0	69.2	78.2	96.4	69.0	75.5	63.4	96.2	71.7					
90.8	73.7	74.0	0.0	86.1	65.1	76.0	56.8	95.2	75.3	70.1	62.6	60.2	84.0	85.4					
89.2	84.1	95.0	61.8	0.0	85.2	58.7	74.4	85.3	88.5	94.8	61.5	68.2	71.6	92.2					
81.4	93.0	77.1	94.3	68.2	0.0	87.4	78.9	99.8	69.8	85.1	72.0	81.2	56.5	78.8					
91.8	78.8	70.0	55.4	87.7	56.9	0.0	70.5	61.2	85.7	92.2	58.4	70.5	89.1	60.7					
63.0	67.3	78.1	94.8	71.4	82.8	76.8	0.0	97.5	95.2	86.3	64.1	85.9	89.8	84.4					
89.0	55.0	92.2	64.3	76.2	96.6	96.7	66.2	0.0	99.6	73.6	83.9	97.0	75.2	79.5					
65.8	66.0	60.1	70.7	62.0	64.7	78.3	75.7	97.4	0.0	82.2	95.4	88.5	84.3	78.9					
70.8	66.6	61.7	89.2	97.2	84.1	69.2	87.3	72.1	56.4	0.0	86.3	59.2	73.2	74.5					
95.3	90.3	95.6	79.7	83.6	66.7	91.6	64.4	61.7	89.8	64.0	0.0	60.9	81.3	57.8					
56.5	86.3	66.2	82.7	57.6	81.1	83.1	71.1	74.4	58.7	63.6	91.4	0.0	55.3	71.3					
80.7	57.3	78.7	95.6	57.4	71.3	91.1	62.6	59.4	60.5	82.5	79.3	67.2	0.0	98.2					
79.5	55.5	69.0	69.7	70.9	79.3	63.2	72.5	75.3	73.7	58.6	89.1	63.7	66.9	0.0					
0.0	80.3	66.2	61.6	72.1	85.9	96.7	77.7	92.7	96.6	62.0	98.7	56.3	89.7	96.7					
65.4	0.0	59.6	66.6	88.0	69.6	86.7	78.8	66.7	77.8	56.6	64.7	67.4	85.4	86.5					
86.2	84.7	0.0	73.6	85.5	79.3	72.9	61.8	87.6	97.4	95.3	82.2	69.7	60.7	86.6					
74.3	91.7	64.1	0.0	73.0	86.2	58.5	95.2	66.2	71.0	96.0	61.2	64.6	64.9	88.8					
67.1	78.3	97.6	89.1	0.0	87.2	82.8	64.7	91.0	81.7	55.3	82.7	96.4	73.2	64.6					
64.3	62.4	85.2	67.4	90.4	0.0	87.8	94.8	85.4	67.7	95.5	65.2	87.2	71.1	91.3					
59.1	98.2	55.4	62.2	77.1	69.4	0.0	91.5	61.4	87.1	71.5	61.9	95.6	73.8	85.3					
90.5	74.4	64.2	91.4	94.8	61.8	87.5	0.0	65.1	58.6	66.9	92.1	64.5	62.1	92.1					
76.2	56.0	92.9	80.4	55.6	84.2	76.4	75.1	0.0	58.3	92.5	75.2	93.0	76.4	92.1					
65.4	80.7	72.7	62.9	78.0	55.2	96.4	92.1	98.1	0.0	90.4	83.5	65.8	75.1	56.8					
67.3	64.0	72.1	67.0	87.7	93.8	77.6	59.3	63.4	63.3	0.0	96.0	59.0	83.0	77.4					
90.6	56.6	78.7	78.0	76.6	88.6	74.7	93.1	66.6	82.4	78.5	0.0	99.4	84.6	56.3					
78.6	93.1	71.3	92.6	89.9	89.0	100.0	87.3	62.6	57.3	57.2	57.3	0.0	73.6	94.5					
66.8	70.9	90.5	72.6	64.0	90.8	60.0	76.5	76.7	57.8	61.0	84.1	63.7	0.0	69.8					
81.9	58.1	86.3	67.0	71.8	70.7	67.2	90.5	64.1	83.3	72.9	56.7	89.3	60.0	0.0					
0.0	55.7	77.7	88.5	63.6	82.2	57.4	68.9	89.0	90.0	65.6	74.5	79.8	78.6	63.4					
87.9	0.0	77.2	85.1	57.3	79.1	79.6	77.7	83.5	61.5	61.0	80.8	94.5	86.2	97.0					
96.1	94.5	0.0	99.2	76.2	75.3	81.2	74.3	96.2	75.0	77.3	57.1	66.9	74.2	88.2					
84.3	95.3	60.6	0.0	83.1	97.1	85.8	61.2	78.0	68.6	80.5	89.2	95.1	71.9	84.8					
97.0	89.5	96.0	60.4	0.0	75.1	95.0	67.2	63.9	97.2	77.0	68.4	83.5	80.1	99.7					
75.1	96.5	94.9	75.9	91.5	0.0	83.6	88.5	90.6	59.7	59.4	79.3	78.9	94.0	73.5					
55.4	58.4	96.9	84.5	64.2	58.9	0.0	98.7	86.0	75.3	93.5	83.7	75.7	72.6	65.2					
89.4	82.8	84.1	86.5	95.2	78.9	76.3	0.0	84.0	97.7	93.6	64.6	69.0	89.1	75.5					
56.0	96.3	59.8	55.5	61.6	66.8	80.2	99.8	0.0	77.9	57.7	74.6	85.5	87.0	68.6					
68.8	58.7	91.9	68.8	73.3	68.7	76.5	87.9	65.4	0.0	80.0	80.4	91.1	78.4	83.0					
93.3	84.9	94.7	87.2	70.4	84.3	63.6	86.8	60.9	66.7	0.0	65.0	61.4	64.3	99.7					
78.6	78.6	92.5	73.4	56.7	100.0	61.2	93.4	59.8	81.4	77.9	0.0	91.3	63.8	71.7					
97.4	82.8	59.2	81.2	55.6	60.9	88.6	76.0	71.3	69.4	82.5	65.8	0.0	86.4	61.8					
69.1	87.3	75.5	69.1	77.4	98.3	65.9	71.9	92.6	93.1	78.6	64.5	96.9	0.0	61.2					
74.3	72.6	81.6	66.3	83.8	84.5	69.1	95.8	83.2	67.3	90.1	88.1	67.4	73.0	0.0					
0.0	91.4	72.0	97.4	86.7	98.8	74.0	67.8	64.9	72.8	83.9	63.4	57.3	82.4	66.0					
90.3	0.0	75.1	64.9	78.0	76.9	92.5	89.3	92.1	94.1	59.4	83.6	75.0	59.6	84.3					
74.8	60.3	0.0	86.5	71.5	76.9	60.4	78.1	56.8	63.3	77.0	65.2	69.4	62.6	71.7					
56.1	63.9	95.6	0.0	71.3	97.8	97.6	87.7	68.6	75.1	61.1	62.4	91.2	84.1	92.0					
93.9	88.9	57.9	94.2	0.0	68.0	99.8	79.4	97.3	70.5	80.6	75.3	75.9	84.1	98.8					
70.7	61.4	87.5	71.1	97.2	0.0	95.9	94.3	64.0	82.2	64.8	81.6	61.1	83.8	57.6					
56.9	70.8	66.1	84.0	70.8	87.4	0.0	88.0	76.7	93.0	65.8	84.5	66.3	55.5	61.4					
97.1	74.7	69.5	90.6	98.4	63.3	74.6	0.0	77.3	99.0	97.8	59.9	57.9	96.0	68.2					
95.3	77.0	76.6	70.1	70.4	79.1	58.2	86.7	0.0	57.1	72.0	65.9	72.4	98.6	68.8					
86.5	63.8	90.8	84.8	81.0	85.6	89.5	98.9	63.9	0.0	85.7	95.8	80.0	61.1	90.7					
55.8	85.9	63.9	68.6	97.0	71.5	99.5	65.1	64.8	73.8	0.0	59.8	66.3	69.9	92.7					
79.1	74.5	55.4	91.6	55.6	78.7	87.0	90.5	81.7	94.6	84.4	0.0	82.1	57.0	87.5					
59.0	82.8	68.5	73.7	87.9	93.3	72.5	70.9	83.9	66.8	64.5	89.1	0.0	73.2	82.8					
56.7	87.1	79.9	89.1	58.4	77.1	81.9	94.9	56.9	72.5	94.8	70.0	55.9	0.0	75.9					
81.3	58.3	71.4	78.3	81.9	60.2	65.4	77.0	92.1	88.3	85.4	76.4	87.7	93.6	0.0					
0.0	82.3	80.4	78.1	73.6	97.0	95.7	86.8	89.0	58.3	98.0	88.7	73.8	69.2	58.5					
71.7	0.0	85.6	79.2	99.0	75.7	81.0	93.9	60.6	55.4	61.0	95.3	79.4	57.1	65.9					
72.7	78.4	0.0	59.2	78.0	64.7	63.1	70.0	93.7	68.2	96.1	94.8	75.8	97.8	62.3					
78.5	89.8	74.1	0.0	82.3	89.4	62.2	71.4	98.3	91.5	79.9	64.1	60.0	74.1	68.6					
60.9	61.3	98.5	58.9	0.0	58.9	90.3	82.6	62.8	96.8	73.4	80.7	63.4	98.5	99.6					
75.8	87.4	81.0	85.2	65.7	0.0	77.4	97.0	87.6	63.6	64.2	73.1	80.9	85.0	94.0					
80.9	55.8	94.7	63.7	69.6	98.9	0.0	76.7	60.7	71.2	64.2	93.1	70.8	79.5	94.9					
57.3	58.6	71.5	78.6	61.0	98.6	67.5	0.0	95.3	78.1	93.9	55.1	93.7	82.4	92.8					
90.6	61.5	77.0	91.5	83.2	86.8	65.7	81.7	0.0	95.2	55.4	76.3	97.0	58.3	65.6					
86.3	56.5	74.2	58.4	63.2	98.3	55.0	80.7	71.0	0.0	92.9	73.6	74.3	62.3	86.3					
74.9	55.4	75.9	61.8	79.3	94.7	77.8	69.1	75.6	93.8	0.0	64.8	64.7	78.0	62.6					
58.0	86.4	67.8	63.4	93.3	89.8	77.9	60.0	67.3	68.1	57.1	0.0	86.7	62.7	70.1					
77.9	60.5	60.7	91.5	61.1	55.6	62.2	95.4	91.3	98.0	96.9	71.9	0.0	85.0	69.6					
76.4	70.7	95.7	82.9	90.9	94.2	63.1	83.8	85.3	88.6	66.2	77.4	63.0	0.0	90.2					
100.0	83.1	66.1	98.2	72.6	63.7	72.9	79.4	95.1	64.8	75.9	96.1	56.9	93.8	0.0					
0.0	57.5	61.6	99.4	93.7	97.6	79.0	72.0	95.1	57.3	77.0	68.8	95.0	84.2	56.7					
71.5	0.0	58.3	68.1	70.4	91.6	71.1	80.2	78.9	91.4	58.1	60.5	73.7	81.9	88.9					
59.6	86.9	0.0	86.8	75.3	68.5	76.9	64.8	96.1	70.2	87.9	81.2	89.0	82.1	66.5					
95.6	72.9	76.2	0.0	67.0	79.2	67.1	61.0	78.5	61.2	86.8	86.4	78.6	99.0	81.3					
77.2	79.6	83.3	75.1	0.0	71.7	91.0	86.5	69.4	71.5	77.8	74.4	84.1	85.9	94.7					
75.3	59.6	86.2	77.5	63.5	0.0	69.2	81.8	95.1	72.1	87.8	71.9	60.3	75.9	65.7					
88.2	98.0	99.5	89.0	62.8	59.9	0.0	83.1	72.7	71.6	58.8	82.3	58.1	77.1	59.4					
74.5	100.0	64.2	86.6	57.8	100.0	66.3	0.0	82.5	71.4	90.3	86.0	67.0	77.1	95.6					
59.4	57.4	82.7	59.9	95.5	55.3	75.8	58.3	0.0	57.5	86.6	93.2	78.1	84.3	89.1					
95.2	74.5	68.5	74.2	89.8	85.4	76.9	58.1	74.2	0.0	64.3	91.1	57.6	78.1	66.1					
81.6	70.2	80.9	79.0	99.2	60.9	66.0	79.5	87.5	87.0	0.0	77.1	73.8	63.3	64.2					
56.0	60.5	60.2	65.2	63.5	85.4	84.2	82.1	92.1	81.7	65.1	0.0	60.5	96.6	70.7					
96.3	84.3	76.9	62.0	59.4	74.6	91.9	84.7	69.8	59.1	60.7	86.9	0.0	85.7	99.1					
74.0	91.6	63.5	96.9	88.5	74.0	87.3	85.7	57.6	56.5	82.1	65.5	69.9	0.0	85.5					
63.5	57.0	60.8	75.3	81.9	92.9	77.5	89.7	66.9	71.0	76.6	84.7	66.6	81.2	0.0					
0.0	71.8	62.8	55.5	98.0	74.4	78.0	87.5	89.1	99.5	89.5	99.2	87.0	96.1	80.2					
88.9	0.0	76.5	91.5	87.5	91.7	99.5	92.2	59.4	78.2	98.1	71.2	55.9	60.0	57.8					
85.4	63.1	0.0	77.8	74.6	56.3	59.6	78.4	85.0	78.7	72.4	84.0	61.5	92.5	74.0					
92.1	78.3	76.6	0.0	88.1	84.4	88.3	71.7	66.5	60.6	97.2	56.3	99.7	76.8	96.6					
73.9	58.3	97.2	90.7	0.0	98.2	78.1	90.8	62.3	88.9	65.1	60.7	72.8	79.9	80.2					
76.7	97.6	79.2	61.0	91.5	0.0	78.0	87.1	95.2	96.3	55.6	90.6	75.4	59.2	59.9					
97.1	67.6	70.9	58.4	85.6	95.8	0.0	67.9	59.7	98.5	67.3	97.2	83.0	85.9	65.0					
56.5	86.0	69.7	97.1	61.2	95.6	70.7	0.0	78.0	86.3	82.4	64.3	70.6	98.0	57.5					
61.0	78.1	60.1	60.1	79.1	88.2	88.3	91.8	0.0	62.3	95.9	76.6	66.9	90.0	88.5					
85.0	74.5	76.6	85.6	64.9	92.5	80.2	78.4	93.2	0.0	73.2	62.8	87.4	92.9	55.4					
84.1	89.4	92.0	83.2	90.5	67.8	60.1	59.6	70.1	76.1	0.0	83.8	64.3	69.4	58.5					
91.2	62.7	56.4	75.0	55.6	64.4	74.7	97.4	59.3	67.6	59.8	0.0	76.8	68.2	64.7					
74.3	84.7	94.6	56.6	82.1	87.7	75.8	86.1	83.1	75.2	81.0	77.7	0.0	56.1	60.1					
56.9	67.6	77.0	96.6	66.5	71.8	98.1	74.1	58.3	69.2	93.4	72.3	72.5	0.0	60.9					
69.3	98.1	82.0	80.3	66.4	60.6	73.0	83.0	75.9	87.3	64.8	98.7	69.3	90.2	0.0					
0.0	87.6	73.8	84.7	77.0	75.8	59.4	62.5	72.8	62.2	67.2	74.0	62.6	88.3	78.5					
82.6	0.0	93.0	60.0	83.1	98.5	96.2	59.7	86.8	76.7	62.4	78.0	71.6	56.4	73.2					
63.8	97.1	0.0	64.6	84.7	65.1	73.3	93.9	92.8	85.8	85.9	87.7	94.6	61.3	90.0					
88.9	90.3	56.2	0.0	79.3	97.5	78.5	69.5	72.2	94.3	86.3	83.1	59.6	68.7	65.1					
89.4	59.2	95.1	93.0	0.0	98.8	69.4	91.0	79.0	69.0	70.2	55.7	75.3	98.7	76.4					
92.5	91.5	86.5	90.5	58.9	0.0	93.9	69.4	74.7	70.1	86.2	61.5	62.6	64.4	70.7					
99.2	68.9	67.9	87.9	60.5	87.0	0.0	71.3	93.7	98.7	85.2	64.7	71.8	65.0	69.7					
62.6	80.3	85.1	63.1	55.9	83.8	63.7	0.0	98.1	79.0	77.2	74.7	66.1	95.0	89.8					
96.5	93.1	99.4	96.8	55.6	98.1	97.0	86.3	0.0	76.3	76.8	95.4	76.2	88.2	82.4					
63.1	58.3	78.1	64.5	69.4	82.0	75.9	92.5	68.8	0.0	92.4	70.4	68.1	87.5	63.4					
65.5	96.7	60.3	59.1	89.5	58.3	60.2	61.5	59.8	94.2	0.0	82.2	91.2	98.5	92.2					
79.5	92.5	88.2	90.7	58.5	59.8	98.5	63.2	69.5	86.0	93.5	0.0	86.9	81.6	80.9					
63.2	73.0	89.7	80.2	72.2	74.1	99.2	87.4	58.0	59.0	89.3	72.7	0.0	69.8	86.6					
91.9	68.9	58.1	57.6	60.6	85.4	79.2	96.4	68.7	62.7	88.5	77.8	79.7	0.0	99.2					
61.1	91.8	57.5	69.6	82.2	94.7	89.4	58.3	58.2	93.3	85.9	78.5	99.3	76.1	0.0					
0.0	58.4	59.7	56.2	46.8	58.2	41.1	59.9	54.7	46.8	57.8	54.2	45.3	53.8	52.7					
46.1	0.0	50.6	51.8	47.9	44.9	43.2	45.3	58.7	45.1	47.8	56.2	55.6	53.8	51.3					
52.7	59.3	0.0	51.3	45.3	44.1	51.8	57.1	58.7	54.0	54.1	60.7	50.0	44.6	57.0					
59.3	54.4	57.5	0.0	57.8	48.1	45.4	53.5	49.2	59.6	49.7	48.2	51.1	57.7	50.6					
43.0	42.5	54.4	56.1	0.0	50.8	57.1	47.5	51.7	47.4	45.8	51.5	42.2	51.3	58.5					
54.9	54.5	54.4	57.1	41.8	0.0	57.3	55.1	56.1	51.3	55.6	51.2	54.3	50.7	52.6					
46.9	43.8	49.5	54.4	58.0	52.1	0.0	57.6	55.9	55.8	48.9	44.0	56.6	57.1	59.4					
53.1	54.3	59.6	59.7	46.3	57.1	47.3	0.0	59.6	47.3	41.3	48.2	51.0	41.0	51.7					
57.4	56.6	52.5	58.4	57.5	41.7	54.7	53.0	0.0	56.6	59.7	43.1	47.2	55.4	54.5					
42.0	49.7	48.8	45.0	55.5	48.0	56.1	54.4	51.6	0.0	44.2	46.2	53.5	44.5	50.4					
49.7	49.9	52.4	51.3	51.6	44.1	44.4	43.5	49.4	56.7	0.0	48.7	41.2	42.6	55.5					
54.9	57.2	49.9	53.2	41.8	45.3	57.1	52.1	49.2	51.7	51.9	0.0	59.7	55.4	60.9					
59.7	45.0	49.5	55.9	54.7	44.1	57.3	50.0	41.3	52.8	56.5	51.9	0.0	45.5	53.0					
49.1	45.9	59.7	44.4	52.9	52.7	57.1	51.4	43.1	52.5	54.1	49.0	46.5	0.0	57.1					
57.2	52.1	43.6	60.1	51.7	53.8	43.2	41.0	43.8	60.4	52.1	44.5	42.3	42.8	0.0					
0.0	43.6	43.8	50.4	51.3	43.7	54.2	58.3	55.2	47.3	48.9	42.3	45.8	48.2	54.7					
48.7	0.0	41.3	59.3	52.3	56.6	50.7	45.1	49.7	59.3	46.9	52.7	47.0	45.1	41.1					
57.3	60.7	0.0	45.8	59.3	59.7	44.6	46.6	60.4	60.8	55.5	56.3	52.7	45.8	61.0					
60.0	55.3	60.2	0.0	55.2	55.1	51.7	57.8	53.4	52.7	52.0	59.3	49.7	50.9	55.9					
50.4	53.9	41.6	46.8	0.0	49.5	45.6	49.8	58.9	60.6	56.9	43.3	59.6	45.8	49.4					
58.4	59.3	56.9	44.5	58.5	0.0	44.6	42.6	58.3	49.3	49.5	44.5	58.2	45.8	47.1					
59.8	41.4	51.4	55.2	56.4	55.0	0.0	48.8	56.1	54.1	45.7	56.9	55.4	51.0	41.2					
59.8	52.4	58.9	41.5	46.3	42.1	43.6	0.0	58.9	44.7	59.0	60.1	44.9	46.2	60.9					
49.4	46.9	59.1	51.7	58.4	59.6	46.5	49.0	0.0	54.9	53.6	49.2	59.1	47.1	56.9					
50.7	44.4	46.8	52.2	51.1	56.1	59.1	59.2	42.5	0.0	54.8	45.2	50.9	41.9	57.3					
41.6	48.7	47.7	56.2	46.6	59.8	52.9	49.9	52.3	43.0	0.0	59.5	52.6	60.4	55.8					
49.8	41.8	43.9	46.6	57.6	51.1	55.1	44.2	45.4	44.2	53.7	0.0	58.5	48.2	43.2					
54.4	44.3	45.9	51.9	41.6	50.7	42.2	50.3	44.7	56.2	45.0	56.8	0.0	50.9	57.9					
43.5	44.9	54.6	43.4	60.9	46.8	42.3	57.5	42.3	56.2	58.6	58.5	55.3	0.0	55.8					
42.8	52.0	55.3	44.0	41.3	59.1	52.8	41.8	59.3	50.8	59.0	53.3	41.3	47.4	0.0					
0.0	41.2	57.7	58.9	42.2	60.8	44.6	41.9	55.2	55.5	53.7	56.0	49.7	56.9	57.3					
48.1	0.0	46.6	53.4	55.5	42.3	49.6	43.7	43.8	51.9	52.9	43.7	59.1	58.7	55.3					
51.3	46.8	0.0	45.9	56.2	57.2	57.2	60.2	53.3	44.1	60.8	59.1	51.9	54.1	50.6					
53.3	54.0	42.9	0.0	44.6	54.5	41.2	50.4	50.1	57.8	43.4	52.3	48.2	57.8	42.8					
55.2	46.1	44.2	60.6	0.0	52.8	48.2	51.2	56.4	42.9	50.8	48.3	58.6	50.8	57.6					
47.9	53.2	59.7	42.6	51.4	0.0	47.0	43.1	55.0	51.8	48.9	51.2	41.2	46.9	55.0					
50.3	46.5	47.2	41.5	58.0	44.5	0.0	49.7	58.7	58.7	51.7	45.5	43.6	59.3	54.2					
47.2	41.1	52.1	58.2	55.0	47.5	42.1	0.0	47.9	48.0	60.9	41.9	48.9	51.0	55.2					
46.1	56.1	45.1	51.8	52.7	45.4	46.2	57.9	0.0	52.3	48.1	50.0	51.8	49.5	56.9					
49.1	59.5	59.1	45.9	55.6	51.6	54.4	51.9	53.8	0.0	59.6	47.4	47.4	51.5	45.5					
50.7	46.4	60.7	57.6	49.2	55.4	55.1	54.6	46.1	54.5	0.0	48.3	48.3	42.1	49.8					
46.5	55.3	52.1	60.6	48.2	48.6	45.9	50.1	54.8	41.6	61.0	0.0	43.0	53.9	52.2					
58.3	52.6	57.7	55.6	60.6	60.6	42.8	42.5	57.9	50.3	45.9	43.5	0.0	46.5	47.0					
56.4	56.1	59.0	54.9	56.5	42.5	41.1	59.6	43.0	48.6	45.1	44.5	58.3	0.0	46.6					
54.3	56.5	59.6	48.2	51.9	60.6	52.5	57.1	51.8	58.7	57.7	49.5	49.0	41.5	0.0					
0.0	55.2	41.4	55.7	60.5	43.9	52.1	44.4	51.2	59.9	55.7	54.1	60.2	46.9	56.8					
56.2	0.0	52.0	48.1	50.5	46.7	44.7	43.2	49.5	49.0	52.5	49.0	44.7	56.0	51.7					
42.4	52.1	0.0	42.1	43.0	55.4	53.5	49.0	56.4	57.7	58.7	50.7	58.6	45.8	45.5					
57.5	43.1	52.7	0.0	46.7	51.9	51.8	56.8	42.9	60.4	45.4	42.1	57.1	47.6	41.9					
45.3	46.5	59.3	45.5	0.0	41.7	43.2	52.3	53.8	53.5	57.1	52.4	48.3	52.5	44.0					
57.7	53.5	48.1	45.0	60.9	0.0	49.2	45.1	57.3	44.5	56.4	53.7	53.0	46.2	56.9					
43.6	53.9	56.1	45.2	57.5	51.6	0.0	59.5	54.0	43.6	52.7	60.8	48.9	42.2	49.5					
51.1	50.8	57.0	48.2	54.1	54.7	55.5	0.0	59.9	57.9	59.0	55.7	53.2	45.1	45.4					
44.6	55.7	47.3	43.6	60.4	57.0	45.4	60.3	0.0	42.4	59.7	41.0	53.2	60.8	45.0					
51.7	43.8	52.6	56.8	43.1	52.4	58.7	48.6	57.9	0.0	42.1	42.5	42.5	54.0	56.7					
41.1	53.9	47.7	53.6	52.8	58.2	58.8	48.7	41.6	41.8	0.0	46.0	56.2	45.7	60.5					
60.6	59.7	47.9	51.6	55.8	57.0	44.7	43.1	57.0	55.0	49.8	0.0	44.8	48.0	58.2					
44.8	49.6	57.7	51.1	54.7	56.3	54.2	44.3	41.8	52.2	53.6	47.0	0.0	52.6	53.9					
49.8	41.1	59.2	58.6	45.1	58.1	46.0	52.5	46.7	60.7	41.3	45.6	54.2	0.0	57.6					
57.0	56.1	53.9	45.7	54.0	55.7	58.0	58.4	58.2	56.5	42.6	49.0	50.3	48.3	0.0					
0.0	57.8	43.6	53.5	49.3	48.5	42.1	48.1	46.7	41.8	43.4	48.9	52.0	44.4	46.0					
49.9	0.0	41.6	42.1	53.0	49.7	44.0	49.3	55.5	42.6	47.4	44.2	47.3	60.2	59.8					
50.1	48.6	0.0	49.7	42.6	57.0	53.6	57.6	44.8	45.0	60.0	60.2	55.5	42.4	55.5					
54.4	48.5	55.0	0.0	44.6	55.0	47.9	57.4	43.8	46.7	42.7	59.6	42.8	44.0	43.6					
46.2	48.7	55.4	52.2	0.0	47.4	54.2	51.1	44.0	42.9	55.5	45.4	41.9	48.5	58.3					
45.7	52.2	59.2	60.9	48.1	0.0	45.7	57.3	49.8	53.5	46.1	55.0	43.7	47.7	46.4					
51.5	43.4	47.6	55.5	42.1	56.2	0.0	49.6	59.5	51.6	60.3	50.4	48.9	44.8	52.3					
43.0	59.8	59.7	58.2	52.7	44.5	45.5	0.0	55.3	54.4	42.6	42.5	43.0	48.6	50.6					
61.0	43.4	53.2	46.7	55.8	51.7	43.6	60.6	0.0	42.7	47.1	60.0	45.6	60.8	46.7					
57.3	48.6	43.2	57.9	52.3	41.3	54.0	60.2	53.1	0.0	53.3	52.7	46.2	44.5	54.5					
44.0	55.1	45.4	45.5	43.1	52.2	50.3	50.6	55.8	52.3	0.0	44.3	44.1	59.5	57.1					
55.3	46.6	43.6	53.2	41.1	45.5	50.9	48.1	41.9	49.0	55.1	0.0	57.2	44.2	52.2					
47.8	41.5	54.5	50.6	44.5	55.3	52.2	59.4	59.9	46.7	42.4	48.0	0.0	60.9	59.2					
57.3	51.8	43.0	44.1	46.9	45.9	51.4	52.6	48.9	41.0	41.2	47.7	47.8	0.0	59.4					
44.9	46.5	59.4	51.0	60.6	56.6	58.9	57.0	53.7	58.4	55.0	44.0	60.9	46.5	0.0					
0.0	43.3	41.1	53.3	42.7	50.2	48.4	58.4	44.9	55.6	45.7	57.1	58.9	60.7	43.3					
55.2	0.0	53.3	41.3	59.9	48.0	59.2	60.2	57.4	48.5	42.3	44.2	57.5	57.6	42.5					
50.8	47.9	0.0	43.9	60.6	57.4	49.4	53.1	47.2	58.6	48.8	58.8	52.8	53.3	57.7					
42.4	46.1	46.1	0.0	53.4	49.0	42.2	55.5	56.3	50.2	57.7	55.7	47.8	45.5	58.3					
54.3	46.6	46.6	56.1	0.0	46.3	48.0	43.4	52.8	41.2	59.0	52.2	41.9	42.8	57.8					
55.7	42.0	58.1	55.7	41.9	0.0	49.5	45.7	60.2	44.4	51.7	45.3	41.6	46.5	50.7					
54.6	58.3	55.3	48.9	41.6	53.4	0.0	60.1	46.8	59.0	58.2	44.0	53.7	49.4	50.1					
45.4	43.9	57.1	53.8	55.8	52.3	47.4	0.0	60.5	48.7	51.2	49.5	60.1	59.8	57.6					
51.7	55.0	58.6	44.9	51.4	56.8	59.6	46.0	0.0	56.5	50.9	52.9	54.4	57.5	42.4					
54.5	60.5	42.1	50.2	60.6	57.8	53.4	56.5	56.9	0.0	45.5	56.0	56.1	52.7	43.5					
45.1	49.9	53.3	52.7	60.6	57.7	60.0	52.4	56.8	54.5	0.0	46.9	47.4	58.1	60.2					
49.0	60.5	58.6	54.6	52.3	51.3	50.3	45.7	53.1	53.2	60.3	0.0	42.6	41.3	45.5					
58.1	51.8	50.3	60.9	54.7	59.9	54.9	50.1	42.1	60.4	49.2	43.9	0.0	47.4	52.0					
44.0	57.5	55.6	54.4	57.3	54.3	44.1	52.6	49.9	57.3	60.7	47.3	54.0	0.0	45.1					
54.0	56.9	41.4	50.0	48.4	42.0	55.9	55.3	45.3	46.9	48.3	46.1	43.6	41.6	0.0					
0.0	44.2	60.4	52.3	52.4	50.3	53.4	49.9	48.8	54.4	54.6	53.4	48.4	50.6	46.4					
48.8	0.0	47.5	42.1	53.7	47.9	50.4	60.5	52.4	54.8	51.5	57.6	51.9	56.7	48.4					
47.3	60.9	0.0	48.6	54.7	51.5	52.9	53.9	52.7	43.0	52.3	42.0	56.0	57.6	41.4					
56.4	56.2	58.6	0.0	41.7	42.3	59.9	56.5	52.7	57.3	57.0	46.7	49.5	50.5	49.7					
57.2	46.5	57.8	48.3	0.0	47.3	57.9	52.0	48.9	48.6	55.8	59.4	56.8	48.8	58.1					
53.0	60.8	42.3	45.7	42.0	0.0	47.7	47.7	59.7	53.2	58.6	51.9	54.5	47.4	51.1					
50.5	50.2	56.0	53.3	58.9	49.7	0.0	47.8	56.0	55.2	51.5	44.6	58.5	50.8	41.4					
44.8	57.2	43.8	53.9	43.2	43.6	50.0	0.0	55.0	50.7	50.4	60.5	49.0	42.4	52.9					
60.5	55.4	47.9	51.4	55.4	46.4	55.9	54.4	0.0	47.4	58.5	60.1	48.4	41.4	54.4					
60.3	48.9	54.3	41.4	41.2	42.2	53.7	57.6	49.3	0.0	43.1	44.8	60.2	57.1	54.1					
42.3	57.5	48.8	45.2	48.2	45.3	52.3	41.3	47.7	45.9	0.0	55.3	56.9	45.1	57.8					
54.3	59.5	59.0	58.3	46.5	53.9	52.6	56.8	53.3	48.5	41.6	0.0	55.9	51.4	54.0					
42.7	43.9	60.6	55.5	54.6	45.7	60.7	45.4	55.8	55.8	55.5	44.5	0.0	55.5	51.0					
45.4	55.0	58.8	58.9	50.6	45.4	48.9	57.0	48.7	56.0	55.2	44.6	43.4	0.0	54.9					
54.1	46.2	43.4	47.3	57.1	54.2	54.6	50.7	59.8	53.6	54.9	44.7	55.1	52.5	0.0					
0.0	47.6	51.3	47.7	47.7	52.5	51.5	43.2	43.9	55.4	41.3	54.2	54.3	50.0	41.9					
58.5	0.0	43.6	52.5	46.3	44.8	41.2	46.6	46.8	48.7	53.0	52.7	45.0	54.2	56.7					
43.6	60.8	0.0	43.5	46.0	56.8	49.5	58.0	53.9	56.3	59.5	59.2	43.1	49.9	51.3					
41.5	55.6	59.4	0.0	51.4	45.6	56.6	58.2	50.4	59.9	49.4	48.4	42.9	44.8	58.0					
54.9	48.9	47.7	50.1	0.0	45.3	49.4	58.8	58.1	50.8	44.1	55.7	51.8	60.8	52.6					
46.6	56.5	49.0	58.9	52.5	0.0	50.8	45.9	58.9	57.4	42.5	58.4	49.2	43.4	48.4					
60.9	47.5	51.1	60.4	58.4	57.6	0.0	47.4	51.1	60.3	49.4	44.8	55.5	60.5	50.6					
59.4	46.0	58.0	56.8	45.6	59.3	52.6	0.0	47.7	41.4	56.1	46.0	44.7	42.5	41.2					
50.9	47.9	60.2	60.8	48.2	51.3	50.0	56.3	0.0	44.7	56.8	57.6	56.4	59.7	59.1					
46.5	57.8	41.7	57.3	47.2	47.3	42.5	47.0	54.1	0.0	56.9	45.1	60.0	52.2	50.5					
45.0	58.6	41.2	45.2	43.8	54.7	53.6	59.0	56.9	59.6	0.0	45.3	45.8	49.3	49.8					
49.6	48.1	52.1	52.7	57.9	59.2	60.1	54.7	44.6	51.0	60.0	0.0	44.1	43.3	48.1					
49.5	50.3	56.0	50.8	49.9	57.5	59.5	41.1	45.8	48.6	44.1	60.4	0.0	56.0	47.6					
45.3	48.9	56.2	45.7	45.1	45.1	50.1	43.0	46.9	50.8	59.3	55.5	54.7	0.0	44.1					
54.1	44.1	49.1	53.8	56.1	48.0	42.2	45.5	46.0	47.2	52.5	55.8	41.3	47.4	0.0					
0.0	45.3	59.6	60.4	46.6	60.8	54.5	51.6	47.2	59.4	55.4	50.0	57.1	48.6	58.1					
44.7	0.0	46.8	44.5	50.2	42.6	42.2	58.9	41.6	52.0	42.7	41.6	50.7	52.5	41.9					
55.5	50.6	0.0	43.6	46.5	49.4	51.0	56.0	45.8	56.7	54.9	53.8	57.9	52.3	54.3					
55.9	57.4	58.5	0.0	53.0	54.8	55.5	43.1	56.0	48.4	56.5	52.0	45.7	60.9	46.7					
60.8	53.7	44.9	48.2	0.0	57.7	41.3	41.5	56.7	57.6	53.5	56.6	51.9	54.7	54.0					
59.1	50.8	52.5	45.6	42.8	0.0	51.0	47.8	46.2	48.3	59.4	43.3	51.7	44.1	57.1					
48.8	45.1	51.5	45.5	49.6	54.8	0.0	42.7	43.8	47.3	58.8	54.6	43.2	60.8	41.3					
43.4	41.0	51.7	48.4	45.7	57.0	41.5	0.0	60.7	46.4	45.9	41.7	60.6	56.3	56.0					
51.4	45.1	55.8	54.0	46.6	53.2	48.3	44.6	0.0	51.6	60.1	60.3	45.4	60.5	50.1					
58.4	50.2	52.1	59.5	45.0	41.1	54.8	59.5	42.2	0.0	49.0	47.5	56.8	57.9	50.8					
52.0	56.0	55.2	56.2	46.2	56.6	42.2	49.5	58.1	47.9	0.0	48.1	45.5	59.1	41.6					
52.5	54.0	57.3	45.1	48.2	48.7	52.2	59.9	49.4	41.1	43.2	0.0	43.5	44.4	55.9					
52.0	41.5	59.4	43.8	53.3	53.4	55.7	56.1	42.1	48.3	56.1	56.4	0.0	54.4	54.0					
45.4	59.4	46.4	49.8	51.5	54.9	48.1	46.0	60.8	46.7	47.5	41.6	49.1	0.0	59.8					
42.3	56.7	57.0	46.5	57.8	43.4	52.1	56.2	45.8	46.4	44.5	52.9	52.1	51.0	0.0					
0.0	45.0	42.4	50.4	41.4	44.1	55.1	60.9	46.7	48.3	42.0	43.6	48.4	41.4	43.4					
59.8	0.0	58.1	45.4	41.0	58.2	52.0	57.0	60.1	57.5	42.5	55.2	57.0	50.2	57.1					
45.3	51.1	0.0	58.6	42.7	44.8	46.0	60.2	59.5	51.9	44.6	49.2	45.9	53.1	48.3					
44.3	59.4	58.9	0.0	56.7	45.2	57.7	53.6	49.5	54.3	57.8	60.0	46.1	44.9	49.1					
51.9	51.9	43.9	58.1	0.0	59.4	45.6	53.5	59.3	44.5	41.9	53.7	57.5	44.3	47.3					
44.2	59.2	59.0	45.3	44.0	0.0	56.2	51.3	41.4	58.4	42.6	51.3	56.5	51.6	46.3					
56.7	41.7	46.8	52.5	56.3	48.1	0.0	55.5	50.0	45.1	49.9	44.2	49.8	58.8	52.1					
49.9	54.1	53.9	53.8	50.4	54.7	58.5	0.0	44.9	45.4	53.7	51.8	49.1	51.1	42.1					
54.3	44.8	54.3	53.7	48.8	48.3	59.3	51.7	0.0	53.9	51.5	50.7	42.3	50.5	42.3					
50.9	52.8	55.3	42.6	46.2	57.6	57.3	50.6	52.7	0.0	52.5	59.4	57.0	58.4	53.8					
60.1	56.1	58.5	58.7	55.0	48.1	55.4	56.7	42.9	55.0	0.0	54.6	60.4	56.9	46.7					
42.8	46.0	42.7	55.0	60.9	60.5	43.1	56.7	44.9	60.1	46.1	0.0	41.2	56.2	58.8					
47.4	50.7	52.4	43.0	49.0	48.9	46.9	43.4	58.4	56.4	59.7	57.0	0.0	60.8	50.8					
44.0	55.9	59.4	49.6	53.3	41.6	60.9	55.9	42.8	50.5	51.3	59.5	41.8	0.0	48.0					
49.0	47.6	55.1	54.2	46.0	42.2	60.6	58.6	57.1	57.2	43.1	47.3	43.9	49.1	0.0					
0.0	59.4	45.9	56.6	50.0	49.9	43.9	44.1	52.7	41.7	52.0	42.0	43.3	57.3	46.7					
57.5	0.0	49.3	60.3	48.8	45.2	52.9	57.4	52.1	41.2	59.2	41.9	49.9	46.9	57.4					
46.8	49.4	0.0	47.3	53.3	55.2	45.9	59.2	50.4	51.2	46.7	57.8	58.7	55.7	59.6					
42.3	54.5	42.6	0.0	48.8	45.3	45.2	58.7	57.5	56.9	43.0	47.6	45.2	52.7	50.6					
50.2	43.3	45.9	55.5	0.0	55.2	46.3	41.3	47.1	50.7	47.0	44.2	48.7	41.5	51.3					
50.0	59.4	43.1	42.8	46.6	0.0	60.3	51.1	45.6	58.0	43.0	49.8	41.6	47.2	52.6					
57.2	49.3	50.9	42.7	42.0	56.6	0.0	42.4	52.0	57.1	58.8	59.4	53.9	45.4	51.4					
58.3	60.0	55.8	43.7	53.8	58.9	56.3	0.0	56.7	58.6	45.5	52.7	48.4	57.9	48.1					
47.6	58.9	48.0	48.8	47.9	59.4	55.3	52.2	0.0	41.9	51.2	47.9	58.5	60.3	53.3					
51.6	58.5	41.7	42.7	43.3	57.0	48.7	42.6	55.1	0.0	52.1	60.4	45.6	47.8	45.9					
51.4	53.9	46.8	45.8	44.3	47.3	50.4	59.5	52.5	42.7	0.0	45.5	58.9	55.6	50.7					
59.5	50.7	56.8	50.6	42.3	46.5	42.2	48.7	57.8	57.7	58.2	0.0	47.7	51.0	54.6					
41.9	57.7	43.1	44.5	56.3	57.0	42.1	44.2	58.7	55.9	48.6	57.3	0.0	49.9	49.0					
58.9	49.3	41.4	42.6	48.8	59.6	49.4	43.5	45.7	54.2	44.6	56.0	59.6	0.0	51.1					
60.7	48.3	51.6	58.6	45.9	49.0	60.9	55.3	60.4	50.9	53.7	46.7	60.8	59.0	0.0					
0.0	58.5	46.3	50.9	47.4	58.0	48.3	44.4	47.2	57.8	41.7	47.9	56.7	58.3	53.6					
48.2	0.0	58.2	44.3	54.8	59.4	59.0	41.1	46.2	46.7	53.5	53.5	53.5	57.6	58.3					
59.3	51.9	0.0	49.3	54.4	60.6	51.7	57.4	52.0	60.3	56.4	60.1	49.9	54.4	41.3					
49.8	41.7	41.6	0.0	58.6	57.0	57.4	47.8	59.0	45.5	53.7	52.1	42.9	42.5	60.3					
52.7	59.1	46.6	45.9	0.0	53.5	48.4	53.2	57.4	56.6	54.1	46.7	45.4	60.7	53.4					
49.0	60.5	44.0	43.8	47.0	0.0	46.4	56.0	47.5	56.0	44.5	50.4	52.9	53.4	51.5					
42.4	59.2	43.2	43.7	46.2	46.9	0.0	57.0	53.5	41.1	48.8	52.2	49.0	54.0	60.5					
46.9	48.5	53.6	43.4	55.2	52.0	46.3	0.0	45.9	42.1	52.2	58.6	51.4	54.8	43.5					
48.1	42.1	53.6	60.6	41.9	52.3	60.6	60.7	0.0	55.7	56.4	50.6	52.7	58.5	42.3					
58.7	58.4	47.7	41.1	57.1	42.7	41.6	52.1	55.8	0.0	46.5	58.1	46.8	41.9	52.1					
54.9	60.0	42.9	51.8	53.3	44.6	44.7	41.1	44.5	48.8	0.0	55.0	44.8	49.9	52.8					
59.9	59.8	50.8	45.8	45.4	53.6	49.5	45.4	60.3	60.7	52.0	0.0	59.3	61.0	49.9					
55.7	56.4	42.0	55.2	51.1	58.8	54.3	43.7	57.1	58.7	53.6	60.1	0.0	51.9	57.7					
57.2	47.3	41.9	55.7	60.8	44.7	43.0	58.4	57.9	53.5	53.2	58.8	57.0	0.0	58.2					
54.8	60.6	43.6	57.1	51.6	41.7	53.9	54.3	46.0	58.6	54.1	41.9	45.5	42.2	0.0					
0.0	58.0	55.9	46.8	46.6	52.3	44.3	52.8	60.0	49.7	53.8	41.7	53.7	47.5	60.2					
48.5	0.0	58.6	50.1	45.0	41.6	47.8	48.9	43.1	45.7	44.8	49.8	57.8	46.9	42.1					
47.5	52.4	0.0	55.4	56.5	60.8	60.6	49.8	44.9	41.3	44.9	44.3	53.6	58.2	55.9					
51.3	47.0	52.1	0.0	55.0	47.1	56.5	48.1	43.9	60.1	45.4	59.0	49.1	46.2	58.7					
54.2	54.4	45.7	51.7	0.0	55.1	41.1	49.0	43.4	54.5	55.2	59.4	56.1	45.1	53.9					
58.7	56.7	60.2	56.0	45.3	0.0	43.9	59.2	41.4	52.8	52.5	49.3	51.6	58.2	47.1					
59.8	44.6	42.7	42.5	52.6	50.0	0.0	54.7	58.6	56.4	47.5	52.3	49.1	51.3	57.1					
59.1	48.4	51.9	46.2	59.5	57.8	54.9	0.0	44.3	53.5	59.9	52.1	51.3	55.7	41.2					
56.8	60.6	51.5	41.9	59.1	44.7	42.5	47.9	0.0	60.0	41.4	41.5	41.6	55.2	46.0					
42.9	55.9	42.5	51.6	45.0	46.4	50.8	50.6	56.4	0.0	43.4	49.6	55.2	54.8	49.0					
41.5	59.8	60.5	42.0	51.0	59.4	42.2	55.0	46.1	58.6	0.0	52.1	52.8	54.0	45.7					
59.9	57.7	51.9	45.7	56.6	47.0	56.8	43.5	41.5	42.9	57.1	0.0	53.6	60.8	54.4					
60.3	47.8	50.1	44.3	47.5	54.1	45.5	55.6	43.7	49.3	42.2	52.9	0.0	49.3	55.8					
47.1	52.3	50.4	46.2	54.9	46.0	54.3	53.3	46.7	52.8	50.3	50.1	59.0	0.0	56.9					
50.7	41.5	49.6	60.0	59.4	41.3	59.0	53.9	55.4	44.9	41.4	55.3	57.9	60.6	0.0					
0.0	57.5	47.1	43.4	53.5	55.5	45.8	45.5	58.6	50.0	53.4	45.8	57.9	48.7	60.0					
45.9	0.0	48.8	44.6	58.6	47.8	57.7	46.9	56.7	53.9	42.9	60.9	47.9	59.8	59.0					
57.8	54.4	0.0	51.7	41.5	51.3	55.0	49.5	46.7	57.2	49.8	54.7	45.6	49.5	46.8					
44.9	46.6	59.3	0.0	58.1	47.1	49.9	58.1	52.0	58.7	60.9	58.9	58.8	60.7	47.3					
45.9	48.6	55.9	59.7	0.0	51.1	52.2	52.9	44.3	41.9	58.1	48.4	60.4	50.3	44.4					
41.2	47.9	59.2	54.9	57.5	0.0	51.4	42.7	50.0	44.2	48.0	42.7	59.5	42.8	53.7					
44.4	49.2	43.9	55.9	50.8	46.3	0.0	46.3	50.2	54.2	41.9	49.5	48.3	42.0	60.9					
59.2	58.9	43.3	53.2	48.3	59.3	56.3	0.0	56.0	47.0	47.7	60.3	60.2	55.7	56.2					
41.3	44.2	47.1	60.3	58.4	44.9	46.4	52.1	0.0	47.6	48.5	43.6	42.6	59.0	45.1					
47.5	41.3	47.5	48.2	60.8	46.8	51.9	49.7	51.5	0.0	49.1	50.8	44.3	50.0	60.1					
44.9	41.3	60.2	57.7	42.0	56.5	48.5	51.0	54.8	59.8	0.0	46.1	57.0	42.4	59.6					
54.5	59.0	41.6	60.0	53.6	51.1	57.4	48.6	55.2	44.0	46.4	0.0	46.5	41.6	46.0					
45.2	53.5	56.0	52.5	50.8	48.2	41.0	53.7	45.5	58.4	48.2	41.8	0.0	53.3	56.8					
43.6	42.2	50.2	58.6	58.2	52.6	47.1	47.5	57.5	47.2	53.1	51.5	48.8	0.0	47.6					
54.5	52.5	58.8	44.7	53.2	50.1	45.7	58.5	52.0	48.8	56.0	41.8	49.1	54.5	0.0					
0.0	54.4	51.3	55.0	57.6	49.8	55.5	51.4	52.0	46.1	60.4	58.6	59.0	44.4	55.1					
59.6	0.0	46.6	53.9	50.7	53.0	55.0	51.2	53.0	54.9	44.9	50.1	42.7	53.2	45.9					
52.3	54.7	0.0	57.9	44.5	41.5	53.0	46.5	50.2	53.1	42.5	44.2	54.2	49.0	56.0					
52.1	44.9	54.4	0.0	60.0	56.6	50.3	46.0	57.1	47.4	44.8	60.3	46.1	52.7	54.7					
58.9	52.8	57.6	54.3	0.0	46.7	41.5	58.2	46.7	52.1	57.9	56.0	54.7	46.4	46.7					
44.0	51.9	43.3	48.5	45.7	0.0	46.4	56.8	51.5	60.6	53.7	41.4	49.2	53.7	59.6					
48.3	48.5	59.1	55.0	48.8	44.8	0.0	56.2	41.3	56.4	58.3	60.4	57.7	47.3	41.3					
49.4	44.0	42.0	45.5	52.0	41.8	46.3	0.0	47.5	41.9	59.6	54.4	60.8	58.5	47.6					
44.8	53.3	57.1	57.8	54.4	52.0	42.6	57.5	0.0	45.5	60.9	46.5	48.9	56.4	51.7					
47.3	47.7	45.6	57.2	53.7	45.8	55.3	59.8	52.8	0.0	56.4	44.0	48.8	60.4	41.4					
60.3	41.0	49.7	48.6	50.7	49.6	44.8	54.8	55.4	51.4	0.0	59.7	42.4	49.4	52.2					
44.3	49.0	44.7	51.6	57.3	44.3	46.4	60.0	48.6	53.4	51.7	0.0	57.5	44.7	48.5					
59.7	52.9	52.7	52.6	48.0	46.5	44.7	54.5	56.0	56.3	53.6	60.3	0.0	55.8	51.1					
45.6	46.4	57.4	46.3	55.1	47.0	44.7	46.0	43.2	56.5	48.6	43.8	42.8	0.0	50.8					
45.8	44.8	58.4	50.3	52.2	49.1	52.2	46.1	55.5	58.7	57.0	57.2	43.1	54.8	0.0					
0.0	53.3	48.3	52.9	47.2	59.9	59.3	60.7	48.3	44.8	43.4	60.1	47.8	50.4	46.0					
41.7	0.0	43.0	43.6	58.5	56.9	53.6	43.2	60.6	59.5	42.5	48.1	47.7	48.7	57.0					
58.0	48.3	0.0	45.6	55.4	50.1	56.7	45.1	51.2	43.5	45.2	46.1	45.5	45.8	52.6					
55.7	45.0	59.6	0.0	52.9	50.9	45.0	46.2	47.3	52.4	55.4	47.3	41.6	45.8	42.4					
44.4	45.8	60.1	57.7	0.0	48.0	46.8	57.6	53.7	42.5	53.9	43.4	56.7	52.3	43.6					
55.5	42.6	56.7	52.3	49.0	0.0	55.6	54.7	60.3	41.4	41.7	60.5	43.2	43.4	49.3					
55.6	43.6	60.8	43.6	49.4	46.8	0.0	58.0	51.2	50.1	60.3	60.2	52.8	51.6	55.5					
47.6	55.0	51.0	58.1	50.9	53.7	50.9	0.0	46.1	52.0	42.1	47.8	44.9	44.8	55.4					
59.5	42.8	41.3	53.9	60.3	43.8	42.6	41.7	0.0	46.9	44.7	60.4	49.2	55.8	42.4					
52.9	44.0	56.7	55.6	43.4	59.2	44.7	45.2	50.9	0.0	50.2	47.9	47.0	57.2	41.0					
51.3	43.7	56.7	48.9	41.8	55.2	43.1	58.1	54.6	55.7	0.0	56.7	47.9	51.7	49.1					
44.4	48.9	52.9	52.3	44.2	43.7	42.2	48.2	41.5	60.0	54.6	0.0	54.5	55.3	42.0					
43.7	48.8	43.5	48.8	42.8	55.7	46.4	44.9	42.2	55.3	47.6	59.1	0.0	60.2	53.7					
45.0	42.1	53.6	54.9	60.1	53.3	48.6	52.2	42.9	55.7	54.5	44.3	45.5	0.0	49.4					
60.0	48.2	45.9	44.9	48.6	54.2	55.1	55.3	45.1	47.6	47.5	41.5	51.0	54.0	0.0					
0.0	45.7	60.7	55.3	46.5	59.5	58.1	44.4	49.5	41.9	48.3	48.6	57.6	55.1	57.3					
56.7	0.0	53.0	43.7	44.4	55.7	58.9	54.3	56.5	51.8	58.9	46.4	42.3	49.8	54.0					
50.3	54.9	0.0	57.8	41.1	47.8	58.8	54.3	45.6	47.4	48.6	50.9	52.4	42.7	44.2					
56.4	41.0	55.0	0.0	47.7	54.2	59.7	42.5	47.1	45.4	56.7	57.1	49.5	43.8	51.0					
48.8	57.5	51.0	45.7	0.0	58.0	45.9	50.4	59.3	58.6	58.6	55.1	42.8	50.9	48.3					
58.7	56.6	55.3	51.5	56.8	0.0	54.4	42.6	51.2	52.7	54.9	58.3	57.9	41.1	46.0					
55.4	50.5	59.3	42.3	42.6	54.4	0.0	41.7	46.1	46.3	46.9	50.7	44.6	53.4	48.2					
43.6	42.5	57.9	48.5	46.4	54.1	41.1	0.0	41.6	45.2	51.0	54.1	47.0	59.8	47.8					
46.7	52.0	48.0	45.0	60.0	57.5	60.9	55.3	0.0	54.0	52.5	58.2	45.4	52.4	41.4					
46.7	58.1	57.9	47.8	51.1	59.5	60.8	42.8	54.8	0.0	53.2	59.7	48.3	47.1	51.2					
56.4	57.6	43.6	41.7	56.4	57.2	41.2	42.0	42.6	58.4	0.0	48.9	49.8	52.6	43.2					
49.8	53.8	55.7	60.1	47.9	45.3	49.2	48.5	59.3	56.7	55.9	0.0	47.7	42.8	51.5					
52.6	56.7	46.9	45.3	53.9	48.5	56.7	59.0	55.9	44.4	41.2	53.8	0.0	49.8	47.4					
42.7	59.7	59.2	54.8	60.4	53.7	60.2	53.9	45.1	49.1	46.9	56.5	47.5	0.0	43.6					
53.4	42.1	46.2	49.6	42.0	43.8	60.4	50.0	55.9	55.6	57.0	54.2	42.0	52.6	0.0					
0.0	56.6	60.5	60.0	44.9	47.4	57.5	55.9	58.3	56.4	46.1	59.4	54.3	54.4	45.7					
41.7	0.0	60.8	44.7	41.7	42.9	57.0	42.7	57.2	43.2	51.4	52.7	53.2	43.4	46.8					
55.1	41.8	0.0	49.6	43.7	59.6	48.0	46.0	47.2	42.6	59.4	46.8	54.4	53.7	42.7					
43.9	42.3	47.3	0.0	58.2	47.8	55.0	54.4	48.1	54.2	56.8	44.1	53.0	53.5	44.9					
44.5	41.4	54.8	49.4	0.0	49.6	44.6	53.4	57.2	45.8	53.6	44.2	58.4	50.6	53.7					
59.0	51.7	46.6	52.2	46.5	0.0	49.6	59.7	51.5	56.7	47.3	51.6	47.1	49.7	49.6					
45.3	42.4	56.4	48.0	55.5	50.9	0.0	58.1	43.9	46.8	54.4	48.1	43.9	49.1	58.0					
60.5	44.6	61.0	48.4	41.9	48.9	58.3	0.0	58.9	41.7	41.1	54.4	43.8	57.5	45.1					
48.7	59.0	46.5	56.4	41.9	49.1	44.8	47.7	0.0	51.8	45.0	42.8	50.6	42.1	49.9					
57.0	56.0	43.8	54.9	60.1	44.6	55.8	54.3	50.6	0.0	56.2	41.2	60.5	53.3	50.1					
45.2	51.4	51.8	43.5	60.9	56.8	44.8	51.7	55.0	41.7	0.0	55.0	41.3	50.1	44.2					
46.7	43.0	48.4	42.6	50.0	60.2	48.2	46.8	49.0	54.7	58.4	0.0	42.3	60.2	58.6					
42.4	52.6	56.5	50.9	50.8	56.1	50.2	52.3	47.5	52.5	56.5	42.2	0.0	43.6	49.0					
58.5	42.9	59.8	44.3	49.5	51.4	47.9	54.5	56.6	50.6	55.7	50.2	55.7	0.0	59.4					
46.4	55.5	47.7	44.3	43.8	53.2	42.5	48.3	45.7	47.3	54.6	58.2	52.8	55.9	0.0					
0.0	46.6	43.7	57.5	54.6	45.3	49.8	41.5	58.7	56.6	58.2	54.7	55.8	42.9	48.9					
44.0	0.0	42.0	47.3	41.9	60.7	49.8	45.1	44.1	48.3	53.0	53.6	60.7	48.6	51.7					
57.7	42.9	0.0	59.7	43.9	60.8	51.7	55.7	43.7	56.6	54.8	49.2	47.5	56.8	46.5					
41.8	54.2	56.9	0.0	51.9	60.4	58.4	47.1	41.7	41.5	49.6	45.9	46.9	59.8	59.2					
46.0	49.9	47.3	60.3	0.0	56.0	44.9	59.8	51.3	56.2	52.0	53.4	49.8	57.9	41.9					
45.4	55.3	56.2	44.0	52.6	0.0	44.0	47.8	51.8	42.7	57.2	47.8	51.4	43.8	47.2					
60.7	59.2	41.5	44.9	47.6	46.6	0.0	51.4	58.1	50.4	60.0	50.6	47.1	43.3	56.9					
42.8	45.1	51.1	46.9	50.8	48.7	43.4	0.0	46.8	56.8	55.8	57.2	49.1	50.0	60.4					
51.2	55.5	46.7	45.7	52.9	57.2	46.3	45.6	0.0	42.2	58.6	56.4	51.7	52.9	53.4					
43.3	49.6	53.2	50.5	45.1	55.9	46.4	52.5	47.2	0.0	51.5	41.7	45.0	54.2	46.9					
56.4	60.9	44.7	47.2	54.3	41.2	51.5	41.9	59.3	44.6	0.0	49.8	42.6	51.8	55.2					
57.5	54.4	57.5	45.6	53.6	57.6	55.6	54.5	59.6	48.9	53.7	0.0	58.9	55.1	58.8					
50.7	46.6	55.2	57.8	48.8	45.4	60.8	42.2	61.0	41.5	49.7	52.9	0.0	56.3	49.7					
47.7	54.3	59.9	46.5	51.8	59.6	47.9	48.0	57.8	42.7	42.6	57.4	57.2	0.0	43.0					
48.4	45.8	51.5	47.3	42.9	55.6	41.1	49.1	42.9	41.7	56.3	59.7	46.4	45.9	0.0					
0.0	59.0	47.0	41.5	48.4	51.2	43.4	49.5	42.7	43.2	43.7	42.4	56.4	46.3	54.4					
51.5	0.0	50.9	55.7	58.5	54.5	46.2	51.2	46.1	58.3	43.9	46.8	53.7	43.7	47.9					
46.5	59.4	0.0	51.5	60.3	43.8	41.3	44.6	52.7	50.8	60.4	53.3	43.0	58.6	45.1					
56.7	47.8	55.5	0.0	58.5	54.9	50.4	49.2	53.9	43.1	46.0	59.8	41.4	48.9	55.7					
57.2	60.0	46.1	50.2	0.0	48.6	60.9	54.2	47.2	58.9	48.0	53.4	51.0	43.8	60.6					
48.6	45.0	52.7	57.0	56.6	0.0	58.6	41.8	50.3	46.2	42.6	45.1	51.1	57.8	48.3					
50.2	59.6	56.2	43.8	49.8	48.3	0.0	55.9	47.3	58.4	55.5	51.3	48.0	52.8	50.9					
59.3	46.9	49.3	59.0	46.3	58.7	41.6	0.0	59.5	44.8	60.6	55.3	46.7	50.1	51.7					
49.6	50.5	50.3	60.4	46.3	56.3	43.3	53.6	0.0	54.4	47.5	46.6	60.3	46.8	58.5					
51.6	57.1	54.3	53.8	50.1	52.9	43.1	46.8	47.3	0.0	51.6	59.3	52.2	52.7	50.0					
49.2	53.0	41.4	45.7	56.5	53.5	48.0	47.5	45.2	51.1	0.0	49.4	51.7	43.3	50.6					
52.0	53.7	42.4	51.4	43.8	59.6	41.7	52.2	54.9	53.6	47.8	0.0	53.1	44.8	50.2					
48.4	54.1	49.7	42.2	43.0	46.5	57.7	50.8	45.6	60.1	48.0	57.7	0.0	52.6	42.5					
47.9	60.1	46.5	48.9	58.7	43.1	41.4	54.5	54.5	59.0	42.1	58.7	52.7	0.0	42.7					
50.6	57.0	59.4	49.5	45.2	53.7	58.7	57.4	53.1	53.0	47.8	59.7	53.8	59.5	0.0					
62500	62500	62500	62500	62500	62500	62500	62500	62500	62500	62500	62500	62500	62500	62500	62500	62500	62500	62500	62500	
8																			
9																			
5																			
6																			
8																			
10																			
9																			
8																			
6																			
8																			
7																			
6																			
8																			
10																			
6																			
10																			
