98	84	81	111	90	103	104	114	114	130	122	114	89	117	98	95	71	89	71	76																					
88	96	86	85	88	105	103	120	131	131	127	105	110	125	95	104	92	101	76	80																					
79	91	80	95	104	118	113	141	103	132	124	115	132	106	90	98	85	100	68	89																					
64	84	85	95	99	109	117	120	124	119	127	112	107	113	106	100	69	80	81	66																					
67	88	88	92	111	107	117	104	119	118	130	113	120	118	89	81	70	80	67	65																					
85	76	71	98	92	125	114	120	116	128	114	110	109	104	93	94	83	73	70	75																					
72	66	89	87	100	112	107	100	106	120	121	116	84	85	111	82	103	92	103	92																					
91	89	96	92	99	98	110	114	109	133	122	121	118	102	99	96	85	83	78	77																					
94	67	94	82	117	121	114	109	143	129	97	101	119	101	109	98	79	86	78	82																					
82	70	81	105	89	90	114	95	122	117	127	110	109	102	102	77	87	72	67	75																					
81	93	86	89	101	119	110	115	120	103	129	110	102	98	107	99	97	71	68	96																					
83	73	91	78	119	92	126	112	131	141	100	115	128	117	82	86	82	88	76	69																					
76	93	93	101	84	105	131	124	127	138	122	116	104	104	104	90	87	84	60	64																					
82	88	81	89	103	110	106	116	128	131	122	112	136	118	101	89	103	95	75	76																					
70	96	94	95	98	107	111	110	108	115	125	98	115	95	95	77	108	76	82	79																					
27	26	33	31	32	34	30	33	37	33	32	32	36	29	27	25	25	25	21	29																					
23	29	25	33	32	31	29	37	33	32	35	39	31	32	29	28	31	22	27	21																					
29	28	30	26	30	33	28	34	36	39	36	35	37	32	31	30	28	22	26	22																					
25	26	26	23	28	33	30	31	38	38	33	33	31	38	29	26	32	32	24	28																					
21	21	28	32	27	30	35	38	37	40	38	37	30	40	32	24	30	28	25	19																					
21	30	25	29	28	32	41	34	31	36	39	33	37	31	33	31	23	29	27	27																					
25	28	29	29	36	29	32	37	38	32	40	35	40	35	32	31	28	25	26	25																					
22	21	26	31	34	32	33	38	37	41	39	36	33	33	30	25	25	18	21	29																					
30	30	25	28	35	27	31	37	35	32	38	33	37	24	30	33	33	24	29	19																					
25	26	30	24	30	30	31	38	29	30	34	32	32	32	24	34	23	27	16	20																					
24	27	22	24	25	35	34	41	30	33	37	32	33	33	32	25	28	23	24	21																					
22	27	30	27	27	33	33	36	38	35	37	35	30	33	34	28	31	24	24	23																					
34	20	33	23	33	35	35	32	34	36	31	35	32	32	29	32	27	26	26	21																					
22	29	26	26	31	30	32	29	35	36	39	37	27	31	28	25	26	29	25	24																					
26	24	24	30	30	29	30	35	33	34	43	30	30	28	36	27	28	22	27	20																					
2.4	2.2	2.5	2.1	2.9	2.2	2.2	2.1	2.8	2.4	3.0	3.3	2.1	2.1	3.4	3.5	3.4	2.5	2.3	2.3																					
3.0	2.3	2.0	2.9	2.8	2.5	3.4	2.7	2.1	2.3	3.2	3.1	2.9	2.4	2.6	3.4	3.0	2.3	3.2	2.8																					
2.6	2.3	2.1	3.1	2.3	3.1	3.4	2.4	3.1	2.7	2.4	3.1	2.3	2.1	2.8	3.5	3.3	3.2	2.0	2.2																					
3.3	2.8	3.3	3.2	3.1	2.2	3.1	3.4	3.4	2.5	2.8	3.3	2.3	2.5	2.7	2.4	2.1	3.4	3.5	2.1																					
3.2	2.3	3.5	2.1	2.8	2.1	2.3	3.2	2.5	2.4	2.1	2.5	2.6	3.3	3.4	2.5	2.4	3.2	2.8	3.1																					
2.2	2.5	2.0	2.4	2.6	2.7	3.2	2.7	2.1	2.8	2.7	2.7	2.6	2.5	2.3	3.4	3.1	3.1	2.8	3.2																					
3.4	3.0	3.5	3.3	3.0	2.6	3.3	2.5	2.3	3.2	2.2	3.3	3.3	2.5	2.6	2.7	2.0	3.3	2.9	3.1																					
2.2	3.5	2.5	2.3	3.3	3.1	2.2	3.1	2.5	3.1	3.4	2.9	2.3	3.1	2.2	3.4	2.5	2.7	2.4	2.2																					
2.1	2.8	2.9	3.2	3.3	2.7	3.2	2.3	2.8	2.5	3.4	3.4	2.7	2.9	3.2	2.4	2.4	3.4	2.9	3.4																					
2.3	2.6	3.3	3.2	2.9	2.2	2.6	3.1	2.9	2.5	2.5	3.2	2.7	2.1	2.9	2.9	2.2	2.8	3.1	2.1																					
2.7	3.2	2.2	3.0	3.4	2.6	3.0	3.3	3.2	3.1	3.0	2.4	2.0	3.1	3.0	3.5	3.4	3.1	2.3	2.3																					
2.9	2.9	3.2	2.6	3.1	2.2	2.4	2.7	2.1	3.2	3.3	3.4	2.4	2.9	2.2	3.1	2.3	2.9	2.4	3.4																					
2.2	2.2	3.1	3.4	3.2	3.4	3.1	3.0	2.9	3.4	2.3	3.1	2.4	2.9	3.2	2.8	2.9	2.8	2.3	3.3																					
2.2	2.7	3.3	2.6	3.0	3.1	2.7	3.2	3.4	3.3	3.5	3.2	2.8	2.5	2.3	2.3	2.9	2.7	2.1	2.8																					
2.3	2.3	3.1	2.4	2.9	3.2	3.3	3.0	2.0	2.4	3.4	2.4	2.2	2.4	2.6	3.0	2.0	2.4	2.2	3.2																					
2.5	1.6	1.6	2.7	1.8	2.7	1.8	2.1	1.9	1.6	2.5	1.8	1.1	2.2	1.3	1.2	2.3	2.7	2.4	1.4																					
2.7	2.5	2.3	1.4	1.9	1.0	1.2	2.9	2.6	1.2	1.1	1.6	3.0	2.3	1.7	1.6	2.0	1.8	2.2	1.6																					
2.7	1.8	1.9	1.3	1.5	1.1	1.2	2.9	1.7	2.3	1.4	2.3	1.4	2.0	2.1	1.9	2.7	1.3	2.3	2.6																					
1.8	1.5	2.2	1.7	1.6	1.9	1.3	2.9	1.9	1.4	1.3	2.0	1.3	2.5	2.7	2.5	2.2	2.8	1.6	2.2																					
2.5	2.3	2.2	2.7	2.9	2.7	2.8	2.4	1.9	2.6	2.4	2.9	2.0	2.8	2.4	1.8	2.2	1.7	1.4	1.1																					
2.7	1.8	2.9	1.1	1.7	2.9	2.7	1.5	2.8	2.2	1.4	3.0	1.4	2.2	2.5	1.9	1.6	1.4	2.5	1.8																					
2.9	2.9	1.7	2.7	2.7	1.4	2.8	2.8	1.6	1.7	2.9	2.8	1.2	1.7	2.2	1.1	3.0	2.7	2.3	1.5																					
1.5	2.6	1.1	2.9	2.4	2.9	2.3	1.6	2.7	2.9	1.1	1.3	2.3	3.0	1.0	2.1	3.0	1.7	2.3	1.1																					
1.4	1.7	1.6	2.2	2.9	1.8	2.9	2.5	1.1	1.6	2.6	1.1	2.7	1.9	2.3	1.2	1.2	1.9	2.1	1.7																					
1.3	2.2	1.1	2.2	1.4	1.8	3.0	2.9	1.3	2.0	2.5	1.3	2.5	1.9	2.7	1.3	2.9	2.9	2.2	2.1																					
2.5	1.1	1.9	1.4	2.9	2.6	2.5	2.1	2.9	1.5	2.6	1.6	1.8	2.9	2.6	1.1	1.6	1.6	2.8	1.3																					
2.7	1.8	2.5	1.3	2.7	2.7	2.7	2.6	1.9	2.5	2.9	2.7	2.9	2.3	1.5	2.0	2.6	1.8	2.5	2.8																					
2.0	1.8	1.2	3.0	1.5	2.4	1.6	1.8	1.1	1.4	2.5	2.5	1.2	2.5	1.9	1.2	2.0	1.6	2.8	1.5																					
1.9	1.5	2.2	2.8	2.1	1.9	2.6	2.3	2.0	2.3	1.4	1.1	1.0	2.5	1.7	1.3	1.4	3.0	2.5	1.1																					
1.3	2.8	3.0	2.5	2.8	1.7	2.1	1.3	2.3	2.3	1.6	1.2	2.7	1.7	2.0	2.3	2.6	2.6	2.0	2.5																					
21.4	15.5	12.6	14.7	14.5	23.6	16.7	12.6	24.4	23.5	17.9	14.5	17.7	22.4	17.0	15.0	20.6	18.6	24.3	17.2																					
22.2	12.3	24.4	24.0	16.1	10.7	18.8	14.3	10.4	22.1	11.7	19.7	12.1	21.1	23.3	21.8	12.9	17.9	17.7	24.8																					
20.3	15.7	24.4	11.0	12.9	10.3	18.2	24.4	10.2	22.4	23.6	22.3	19.7	20.5	14.3	18.1	20.4	22.8	24.1	24.7																					
20.7	19.6	16.7	18.9	15.0	14.3	14.5	24.3	16.9	22.7	15.2	19.1	21.4	14.0	24.7	20.3	12.6	19.1	13.9	11.5																					
19.6	18.7	12.4	21.8	14.0	23.5	23.2	13.2	21.6	24.4	14.6	22.3	23.0	22.8	21.2	11.8	10.6	21.0	16.7	13.5																					
16.2	12.7	11.1	15.0	10.0	20.5	22.5	13.5	10.4	13.8	10.2	11.1	11.1	21.3	16.7	20.4	13.4	19.6	20.2	15.4																					
23.2	10.3	18.5	17.6	17.2	14.2	22.4	12.2	24.5	10.9	10.7	22.4	19.1	23.5	13.5	18.5	20.8	24.7	12.6	12.3																					
21.8	15.9	18.2	15.3	17.4	16.9	17.8	10.9	21.3	22.9	23.4	19.6	24.4	12.8	15.2	11.6	15.0	19.4	12.2	22.4																					
22.6	15.4	17.1	19.8	20.1	24.2	12.5	23.5	17.8	12.1	17.8	22.7	14.3	17.8	21.0	11.1	11.0	14.2	18.9	23.0																					
12.8	24.4	12.1	16.6	13.7	20.8	22.8	13.7	17.6	20.9	13.5	16.7	17.4	20.9	17.5	23.2	18.5	10.4	15.1	23.3																					
21.8	16.8	12.9	16.9	20.0	21.0	15.1	18.6	13.2	21.1	19.0	15.0	15.8	22.4	12.8	19.4	16.1	18.5	20.1	14.7																					
13.8	24.8	12.9	18.6	12.6	18.1	13.7	10.6	12.5	14.7	24.8	13.2	19.5	15.0	16.2	18.6	20.6	13.3	10.4	23.0																					
23.3	15.4	23.3	20.9	22.2	17.2	19.0	24.5	19.9	20.3	21.4	20.3	10.5	18.7	12.1	19.1	19.7	24.7	22.2	19.8																					
24.3	16.9	16.0	17.8	23.8	16.5	19.3	10.2	10.4	22.2	12.0	15.8	15.5	16.7	16.9	16.0	14.3	21.7	19.1	19.6																					
13.1	12.0	13.3	10.5	17.4	13.4	23.2	13.5	19.4	23.7	11.7	10.8	24.0	12.2	17.5	23.1	22.4	10.3	14.1	21.3																					
11.5	12.4	14.3	9.4	13.0	7.8	12.6	6.1	10.4	8.4	10.6	10.8	7.9	12.8	7.4	6.1	12.6	13.7	14.3	6.9																					
7.5	14.0	12.1	7.4	10.7	10.4	14.4	7.5	9.0	9.5	9.4	8.8	11.2	6.6	8.1	5.9	7.3	11.7	10.5	11.5																					
12.4	8.6	11.9	14.5	13.3	12.4	7.9	13.3	7.9	14.8	11.1	9.2	5.4	12.4	7.9	5.3	11.4	9.5	5.9	14.5																					
10.2	14.4	7.2	5.3	9.3	8.0	11.0	8.1	10.1	14.6	6.4	11.8	9.2	7.7	9.5	12.1	12.3	14.0	6.0	7.9																					
8.9	8.3	13.0	5.5	9.8	8.0	12.6	12.2	7.2	5.9	5.5	6.1	8.9	5.2	9.9	11.7	6.0	8.7	12.8	7.7																					
10.2	5.4	7.9	8.7	13.5	14.7	7.3	10.8	13.5	7.0	8.4	8.3	11.2	14.8	6.2	6.7	9.2	14.7	10.8	12.1																					
10.5	13.6	13.3	9.9	10.7	9.7	13.9	14.4	11.8	9.0	14.8	9.2	14.3	11.6	13.0	13.0	8.4	5.8	7.3	5.4																					
6.4	8.2	6.5	13.3	5.1	12.7	14.3	9.5	14.1	13.6	5.6	9.8	7.9	10.6	9.8	10.2	12.6	10.2	13.1	13.9																					
9.4	9.0	5.7	8.8	10.7	14.9	7.0	13.9	6.8	10.9	6.6	9.9	7.2	7.1	7.7	11.3	14.3	14.1	8.3	15.0																					
6.4	7.4	13.6	7.0	7.1	11.9	13.9	10.4	11.9	12.2	12.4	9.4	7.2	12.7	8.2	10.9	13.1	8.5	13.8	8.1																					
8.4	12.1	9.5	12.6	11.7	9.6	11.8	5.6	9.6	10.1	8.6	8.6	8.5	5.5	8.6	6.6	14.4	7.6	8.6	6.0																					
11.6	7.5	6.3	8.7	5.3	13.4	10.0	7.4	10.1	14.0	14.4	13.5	10.4	13.6	12.3	10.5	13.9	8.3	14.9	10.9																					
14.5	8.7	8.6	13.3	13.8	12.7	10.0	14.0	5.2	7.8	14.5	5.4	13.5	11.9	15.0	12.0	11.5	12.3	6.9	12.8																					
11.6	10.2	12.6	9.7	8.8	6.6	13.3	5.0	6.3	14.6	7.1	7.7	11.5	13.9	11.9	13.1	7.1	9.1	13.4	9.5																					
13.8	10.2	13.7	5.9	9.7	12.3	12.9	14.1	8.0	11.7	8.2	11.4	12.7	13.2	12.9	6.9	12.1	14.7	14.6	9.2																					
16.9	16.1	17.7	17.6	15.7	22.2	22.3	19.4	23.5	17.6	16.7	18.9	18.9	20.8	16.9	23.9	15.3	16.6	19.2	22.9		1659.29608	1352.0907	1432.081277	1948.566638	1417.489446	2290.065529	2316.03608	2215.017209	2681.850488	2286.495027	2039.91083	2151.426838	1682.961121	2427.810774	1657.760113	2269.721675	1087.390067	1478.39056	1362.419335	1738.516139
15.3	15.5	20.9	21.9	21.0	22.2	17.2	23.5	18.9	22.7	19.8	19.8	19.1	19.1	23.6	20.0	18.5	18.6	24.4	22.3		1345.549209	1488.646023	1797.175061	1862.785309	1844.13457	2330.185292	1770.179075	2819.188913	2477.021884	2967.354678	2508.399193	2082.374623	2097.510245	2385.150763	2238.113952	2077.727451	1698.780331	1882.529799	1853.31419	1783.796237
16.8	23.2	15.2	22.8	18.6	16.9	16.7	24.3	17.6	21.8	18.5	24.8	21.0	22.4	19.4	18.8	18.8	17.3	18.5	16.7		1328.612166	2114.675622	1212.705012	2163.701262	1933.197072	1994.052837	1886.871939	3429.035127	1817.273088	2875.517514	2295.742921	2846.820828	2770.427374	2370.03509	1749.547377	1838.320557	1599.549283	1731.237659	1259.948942	1490.379723
16.9	22.3	21.5	20.7	18.4	21.0	23.9	15.1	20.7	22.0	23.9	22.9	19.2	23.1	15.1	15.7	16.4	18.5	21.2	21.8		1079.711406	1875.824836	1824.958167	1971.069499	1818.298667	2292.329913	2792.171796	1811.965122	2571.732257	2621.481788	3031.96745	2568.292226	2052.01297	2610.496578	1597.582533	1574.683714	1130.937446	1482.790248	1719.56677	1439.318962
19.6	17.7	18.1	16.2	17.8	24.8	16.6	19.0	16.1	21.5	22.7	17.6	22.8	23.9	20.2	20.0	21.7	15.1	21.9	20.6		1315.301595	1553.603539	1589.419288	1494.945963	1981.067042	2657.642542	1937.335136	1976.449944	1917.934464	2536.512448	2945.566431	1989.568632	2731.124863	2824.130048	1795.5766	1620.497364	1522.484502	1205.55162	1464.795486	1336.815216
19.3	23.5	17.5	15.1	22.5	22.2	16.7	18.4	23.6	24.3	16.2	23.0	16.9	23.5	17.5	23.2	19.2	23.5	16.7	24.8		1644.276649	1785.725044	1240.264894	1475.237489	2068.776331	2780.305926	1899.046587	2202.71821	2740.718294	3104.008604	1851.100514	2525.510694	1839.372436	2447.692239	1625.725785	2184.314093	1593.417608	1717.706788	1168.409477	1859.878948
25.0	18.5	21.4	24.2	21.3	19.9	17.8	23.6	19.8	15.9	20.6	21.4	20.4	21.6	16.8	23.9	18.1	18.4	15.6	21.9		1798.794407	1223.758697	1901.104071	2106.530001	2128.004211	2223.277811	1908.28307	2357.574733	2100.2404	1905.085432	2492.721228	2487.820017	1716.600361	1834.390887	1864.312461	1959.892358	1865.293766	1688.711749	1604.678194	2010.802058
16.6	23.6	25.0	19.7	22.1	15.3	21.4	16.4	16.9	20.4	15.3	24.2	23.3	21.2	16.6	17.8	21.1	17.3	17.3	22.8		1506.476642	2101.516537	2396.463393	1813.809472	2187.719151	1498.332817	2356.713504	1874.941862	1842.744021	2713.246781	1872.359851	2929.2948	2750.968161	2164.635128	1639.335168	1711.550373	1793.662749	1436.233199	1351.65164	1753.360706
18.0	23.1	24.5	23.6	24.3	21.5	21.3	17.0	20.9	24.1	21.4	19.8	19.9	23.2	18.7	24.1	15.0	23.4	21.6	20.2		1693.069349	1550.218888	2298.608296	1935.702415	2848.264886	2606.88058	2428.072443	1854.50192	2991.483349	3107.865301	2072.154891	1997.338018	2373.8357	2338.433783	2041.442126	2357.27533	1185.864117	2011.439123	1688.089003	1654.431526
24.6	17.5	20.7	18.8	22.2	18.8	20.6	23.6	15.6	22.2	15.1	23.9	24.7	16.8	17.3	16.0	18.2	15.5	20.0	23.8		2020.458271	1222.343385	1678.693675	1968.900734	1975.981067	1689.5453	2353.412036	2244.613011	1903.518108	2597.204097	1913.689412	2625.315938	2695.842358	1716.855652	1760.309862	1235.770235	1581.528907	1116.432564	1342.590996	1788.367964
19.1	23.2	23.2	16.5	25.0	24.4	21.1	18.5	17.7	23.2	20.1	21.1	18.3	18.7	18.1	20.9	24.9	17.1	24.3	15.2		1545.578578	2159.999645	1993.052655	1468.461531	2522.161485	2900.402858	2316.177422	2125.310742	2123.036426	2391.909623	2590.620406	2326.015918	1866.554651	1828.746969	1935.187142	2071.118948	2414.68626	1212.427332	1655.563526	1457.484045
23.4	23.1	20.1	18.6	23.5	21.8	22.9	23.8	15.9	20.5	21.6	20.6	17.5	15.3	18.9	15.6	21.5	18.2	21.7	19.6		1942.22002	1684.304461	1830.216693	1452.268702	2795.290682	2007.955171	2884.212373	2666.881863	2081.061088	2894.662668	2157.519664	2371.554352	2242.810188	1795.164698	1548.598912	1341.716216	1761.55674	1602.400646	1646.194102	1349.256868
24.8	19.2	16.7	20.6	23.8	17.4	24.6	22.8	20.2	15.9	22.4	24.9	18.7	21.1	18.4	17.8	19.3	24.1	17.7	24.4		1881.590663	1787.885994	1550.69411	2082.561795	2002.174228	1828.260234	3219.549953	2832.769168	2569.523004	2199.701094	2727.118307	2886.830212	1942.734048	2199.470065	1909.93697	1602.533111	1679.498529	2027.420088	1060.510011	1561.665094
24.8	20.7	22.8	20.9	20.6	18.8	22.6	19.2	15.4	15.1	17.2	22.7	22.9	16.7	22.0	24.1	17.2	22.8	19.0	17.0		2032.021917	1823.158769	1848.268414	1859.860106	2120.259501	2064.551119	2396.955957	2228.117615	1973.896635	1977.973646	2092.768579	2542.121116	3120.941136	1969.852199	2221.180322	2148.259209	1769.102231	2164.946835	1425.200168	1291.858327
16.2	22.8	18.2	20.2	19.8	16.6	19.2	17.6	21.1	17.3	15.3	21.4	24.2	22.3	15.8	15.1	16.3	17.6	21.8	16.7		1133.183843	2192.680273	1710.745658	1923.254137	1942.010937	1776.026916	2134.180897	1934.696699	2283.779456	1986.293828	1911.183937	2097.100307	2783.565977	2120.081532	1498.486657	1165.905002	1758.041715	1339.313794	1783.789409	1323.095031
0.0	91.0	71.8	58.0	84.2	61.3	97.6	56.2	91.3	87.3	95.8	77.0	86.4	57.1	98.6																										
76.6	0.0	61.7	79.8	89.0	60.1	89.8	83.2	98.6	85.7	71.7	87.8	58.4	87.4	63.6																										
90.0	81.1	0.0	93.8	75.5	61.3	76.7	95.5	72.2	80.7	90.2	73.2	90.3	70.1	78.3							29862.56505																			
88.6	68.2	94.5	0.0	97.7	87.0	59.3	65.4	76.8	79.0	75.8	62.2	82.3	85.7	76.8																										
99.0	56.6	80.3	68.9	0.0	70.8	98.1	94.0	72.0	90.7	99.7	95.5	97.0	82.6	75.7																										
57.6	56.2	58.1	58.5	57.6	0.0	99.0	76.9	70.5	76.2	89.9	75.2	68.8	65.0	97.9																										
88.1	96.9	91.1	68.9	78.4	85.9	0.0	77.6	71.6	67.7	67.5	79.7	56.6	62.8	76.7																										
75.0	80.6	55.7	55.1	90.6	81.2	90.9	0.0	69.9	86.5	67.9	80.5	58.6	93.7	62.9																										
65.7	63.3	93.0	74.7	86.0	81.8	88.8	72.2	0.0	98.0	72.1	93.7	86.7	83.9	69.6																										
83.5	87.3	68.3	68.7	71.5	93.5	62.9	71.9	67.2	0.0	59.4	74.7	74.0	86.5	89.4																										
89.8	83.5	95.8	91.8	84.8	57.2	98.5	91.7	81.5	60.6	0.0	83.2	71.9	97.9	71.1																										
79.3	98.2	86.2	72.2	86.7	73.7	60.3	62.0	80.7	72.1	82.4	0.0	92.4	80.2	56.2																										
60.7	99.1	57.5	64.2	65.1	59.0	82.6	64.1	87.0	69.9	55.2	71.8	0.0	56.0	64.7																										
79.6	92.9	89.7	63.7	96.5	67.8	57.6	84.2	78.8	92.7	86.1	97.6	89.7	0.0	64.2																										
72.1	79.3	91.5	95.1	98.2	87.4	78.4	62.7	86.5	73.4	77.0	65.3	88.6	85.9	0.0																										
0.0	90.8	76.3	56.2	70.8	63.1	61.5	73.0	96.7	81.8	86.6	64.4	58.8	66.8	77.5																										
71.3	0.0	98.8	81.0	92.1	97.4	69.2	73.6	95.0	85.4	55.2	79.7	67.5	97.8	80.5																										
72.6	73.1	0.0	60.7	67.2	57.5	58.0	64.3	63.0	80.6	60.6	80.9	85.5	56.9	73.9																										
96.0	79.6	82.9	0.0	96.9	67.9	92.8	96.8	70.8	76.9	91.9	56.0	90.7	79.5	62.7																										
99.5	91.6	61.1	70.0	0.0	78.5	59.8	65.6	70.4	88.3	89.5	59.1	71.8	86.0	65.4																										
80.1	93.5	71.6	75.3	57.7	0.0	74.6	70.9	55.5	73.5	76.9	98.7	95.2	80.7	55.7																										
76.9	93.9	72.9	76.4	72.0	83.7	0.0	88.0	68.8	86.6	58.5	66.8	59.3	61.3	85.4																										
63.3	67.5	97.4	76.1	56.4	69.2	68.5	0.0	85.3	90.1	99.1	76.9	97.6	70.4	94.3																										
55.1	97.8	76.6	85.2	86.3	89.7	75.7	83.7	0.0	82.2	89.4	66.6	56.7	75.1	83.5																										
71.3	95.3	98.9	72.4	82.5	86.2	60.4	83.8	60.2	0.0	89.8	75.4	64.0	81.8	84.7																										
68.8	99.7	57.2	90.5	83.1	96.2	72.7	71.5	97.9	85.1	0.0	86.4	91.1	60.9	84.8																										
99.8	61.9	77.1	73.1	85.3	70.2	82.5	68.0	67.4	90.7	96.2	0.0	57.4	60.6	82.4																										
66.5	55.3	70.2	92.5	97.7	89.7	68.4	66.6	83.4	65.6	97.3	85.5	0.0	87.5	60.4																										
81.5	90.6	94.0	55.2	58.2	58.7	73.8	64.9	65.2	59.9	99.4	88.6	77.6	0.0	55.4																										
74.5	78.3	65.2	92.5	91.5	64.5	92.0	63.9	96.8	86.8	84.6	81.1	99.5	71.8	0.0																										
0.0	83.7	57.2	62.4	86.8	74.8	64.6	87.9	66.5	89.8	74.1	66.2	90.3	65.0	79.8																										
60.8	0.0	78.1	79.9	74.6	86.4	99.8	91.9	88.6	69.2	89.6	98.9	99.3	68.5	82.1																										
62.0	80.4	0.0	61.2	59.1	79.8	99.0	60.3	75.7	68.8	96.4	91.1	65.7	81.4	63.3																										
96.0	79.6	58.9	0.0	84.2	83.8	70.2	94.7	89.1	80.2	77.5	76.5	69.9	65.0	63.6																										
60.8	62.0	62.5	74.0	0.0	78.2	85.7	93.8	79.0	83.5	69.7	61.5	88.3	91.7	88.1																										
77.1	73.3	68.0	92.9	73.8	0.0	72.1	95.8	75.7	93.5	63.2	57.3	86.7	79.1	59.7																										
84.6	63.8	70.0	84.3	95.9	77.1	0.0	78.2	70.4	83.3	77.5	65.9	87.1	71.8	89.9																										
94.9	77.9	65.1	86.7	93.4	88.7	76.3	0.0	68.6	84.5	69.6	96.9	79.1	65.8	58.2																										
69.0	94.4	70.4	97.4	71.0	62.5	91.2	81.6	0.0	70.9	96.4	80.4	82.9	66.8	94.0																										
90.0	67.0	62.8	81.6	92.6	62.9	71.5	72.7	83.3	0.0	71.9	89.5	73.8	88.9	80.7																										
72.7	84.7	90.9	70.9	80.5	60.4	92.3	69.2	79.0	68.8	0.0	72.0	57.5	68.4	79.6																										
93.3	67.9	59.4	67.7	71.0	75.4	87.9	96.5	59.4	91.6	82.6	0.0	76.8	88.6	77.4																										
68.4	66.8	62.8	67.9	92.6	83.6	69.0	85.7	79.0	97.1	91.3	97.3	0.0	67.4	74.8																										
73.2	86.5	73.6	55.8	58.5	80.9	78.8	94.4	60.8	59.3	77.4	62.4	91.3	0.0	76.3																										
69.1	78.3	97.7	69.8	68.3	63.5	72.5	97.9	72.7	70.1	69.8	74.5	66.3	66.8	0.0																										
0.0	79.7	55.1	86.9	99.0	59.0	89.0	67.2	94.2	71.3	88.9	65.3	71.4	99.9	83.5																										
79.8	0.0	73.9	91.7	55.4	70.8	82.2	90.9	77.6	61.4	82.9	86.8	65.6	87.0	78.1																										
79.7	96.6	0.0	57.1	84.9	75.5	56.7	73.8	67.1	95.8	71.8	70.2	74.0	93.9	81.1																										
56.7	59.9	68.2	0.0	95.0	66.3	73.8	86.0	96.0	81.8	85.9	85.8	73.7	93.8	58.8																										
99.3	88.4	86.2	68.6	0.0	63.8	96.0	99.3	86.2	69.7	96.3	63.1	88.0	70.0	91.3																										
87.1	81.1	81.1	82.1	99.9	0.0	93.9	92.9	64.5	82.4	95.3	69.0	80.6	96.5	75.6																										
65.5	87.0	92.6	95.7	74.2	76.8	0.0	78.1	61.3	72.8	85.7	87.6	84.2	57.2	78.5																										
68.0	74.6	84.6	92.0	69.3	92.2	64.7	0.0	80.6	89.3	76.8	73.6	94.3	85.3	91.9																										
58.1	66.6	64.5	56.0	66.8	55.2	70.3	66.6	0.0	83.0	56.5	72.6	69.1	56.9	89.8																										
57.5	83.6	69.3	70.1	70.1	74.3	94.8	84.0	99.7	0.0	86.5	74.2	66.2	84.1	63.7																										
61.2	91.2	68.7	71.9	78.4	81.3	65.5	85.9	86.1	58.7	0.0	85.6	89.4	86.5	66.1																										
65.6	88.4	85.9	91.4	99.9	69.3	60.3	95.5	83.9	81.1	58.3	0.0	61.8	68.8	67.0																										
91.4	56.3	75.9	95.8	89.4	55.9	93.2	73.7	85.5	90.5	89.4	83.2	0.0	95.9	80.1																										
55.8	55.7	97.9	80.6	79.3	76.8	77.8	56.9	57.8	63.2	56.0	73.5	95.5	0.0	82.6																										
83.0	72.1	69.9	65.8	75.2	69.5	93.4	93.1	85.5	91.5	68.2	91.7	79.6	91.8	0.0																										
0.0	62.1	80.4	86.4	86.0	70.8	87.1	94.6	98.5	72.9	66.6	78.3	67.4	72.4	95.3																										
77.2	0.0	56.8	87.2	80.4	99.4	79.2	72.0	72.3	56.1	66.2	75.7	94.9	70.8	79.1																										
80.5	88.2	0.0	56.6	70.8	64.7	63.0	94.2	86.0	72.2	58.5	60.8	57.0	58.2	63.8																										
75.4	78.3	55.7	0.0	90.3	64.0	74.8	55.4	56.8	99.4	88.1	84.6	65.2	68.3	92.9																										
90.1	67.8	73.4	57.8	0.0	70.8	96.4	64.5	70.1	90.7	56.8	92.0	65.6	64.5	82.1																										
62.1	85.9	86.4	97.3	57.8	0.0	71.3	71.8	84.1	71.6	69.7	80.7	99.8	98.6	80.0																										
82.6	86.1	76.2	79.8	78.4	78.3	0.0	70.7	98.2	96.5	58.9	80.6	87.7	75.8	60.8																										
59.5	55.5	94.0	71.8	79.0	87.8	63.2	0.0	95.0	57.2	76.4	71.4	97.5	56.7	87.8																										
98.4	76.0	83.5	96.8	81.1	74.4	59.8	85.2	0.0	77.2	81.1	93.3	91.9	83.9	63.8																										
93.0	56.6	96.0	96.3	57.8	73.1	61.6	64.3	65.5	0.0	58.9	86.8	77.3	62.7	76.4																										
62.4	66.1	77.7	96.4	75.0	78.1	95.9	82.1	91.0	80.3	0.0	78.8	82.2	75.4	65.8																										
84.1	82.6	95.1	83.5	78.6	75.6	67.0	57.3	80.8	74.9	69.8	0.0	96.1	86.2	62.8																										
64.9	58.0	73.2	67.8	57.6	63.7	86.4	87.2	82.2	91.5	70.9	56.5	0.0	74.7	77.5																										
97.2	87.3	76.8	87.3	97.9	73.6	92.4	62.0	84.7	57.1	63.2	63.8	73.1	0.0	70.8																										
82.6	62.6	91.1	96.8	64.8	65.7	68.5	60.5	69.2	66.1	86.6	62.9	99.5	99.9	0.0																										
0.0	72.6	86.1	77.0	60.1	94.1	82.7	83.2	80.6	69.8	87.5	89.4	60.2	98.1	98.1																										
70.3	0.0	93.7	69.4	89.1	84.9	56.3	98.7	80.1	97.9	95.2	79.5	65.3	78.0	94.9																										
73.8	99.9	0.0	90.6	70.7	71.5	79.3	73.5	94.0	56.3	67.1	80.5	64.4	81.8	91.9																										
87.0	97.8	69.1	0.0	65.3	57.1	77.6	63.6	57.3	99.2	78.2	58.0	82.9	90.7	82.4																										
99.1	94.1	62.8	84.1	0.0	65.9	68.7	62.8	59.3	58.5	66.1	97.3	76.0	76.6	62.6																										
64.3	80.5	76.5	76.9	87.3	0.0	92.8	76.0	63.2	96.4	66.5	79.6	83.6	93.3	97.0																										
68.8	88.8	63.0	97.0	91.4	75.0	0.0	82.8	77.7	85.5	80.0	96.2	59.5	81.4	98.4																										
59.7	68.6	63.5	72.3	98.2	74.7	70.5	0.0	59.1	58.1	70.6	90.9	58.0	91.1	68.1																										
61.2	80.8	77.8	70.3	73.0	68.6	63.6	96.9	0.0	58.0	76.8	93.2	61.6	74.8	72.1																										
69.0	55.9	98.4	61.7	91.1	58.9	78.1	82.4	69.7	0.0	92.3	71.2	86.4	95.4	63.6																										
86.5	59.8	91.2	80.8	83.3	75.3	96.1	91.7	69.7	92.1	0.0	97.7	88.9	79.7	57.6																										
56.6	62.8	67.3	63.7	74.7	59.6	76.0	93.6	64.0	75.2	91.8	0.0	95.2	99.0	75.2																										
67.6	84.8	57.2	84.6	64.6	64.0	61.7	63.6	80.4	55.6	59.3	63.7	0.0	80.4	60.8																										
69.9	77.7	76.2	89.3	80.9	89.5	89.8	96.7	83.9	71.6	85.6	88.7	62.5	0.0	58.8																										
84.3	90.8	67.5	84.7	92.8	70.0	79.4	81.5	56.1	97.7	60.2	60.8	64.7	84.8	0.0																										
0.0	88.7	74.8	75.6	92.6	73.5	97.7	79.8	95.8	86.4	62.6	95.3	93.2	97.2	82.6																										
98.0	0.0	70.9	82.2	63.0	73.7	98.3	55.7	79.2	63.1	87.0	99.2	93.2	69.5	75.8																										
89.6	61.2	0.0	81.9	95.7	58.1	77.4	82.0	57.8	60.0	84.4	55.8	63.2	66.5	95.8																										
58.9	98.1	56.8	0.0	62.6	69.1	87.9	78.7	69.0	62.1	59.5	73.8	56.6	61.9	94.5																										
62.5	55.2	95.3	88.1	0.0	88.7	94.8	75.3	73.1	67.3	83.3	86.6	71.0	58.7	81.4																										
99.8	74.2	96.9	90.0	67.2	0.0	59.8	62.6	73.0	67.9	92.9	86.9	71.4	85.2	91.4																										
86.4	71.8	95.4	69.9	69.6	80.7	0.0	67.0	79.8	84.3	79.0	90.3	65.5	59.8	87.1																										
96.9	78.6	98.6	92.1	61.2	70.4	73.8	0.0	67.3	60.8	95.9	65.9	89.9	91.7	98.2																										
76.5	68.1	84.2	63.3	86.9	88.6	88.2	87.1	0.0	84.6	67.8	64.5	93.1	83.6	99.5																										
62.3	99.3	65.4	61.2	73.1	88.8	80.1	66.3	74.4	0.0	66.8	85.3	74.1	76.1	62.2																										
94.1	89.2	96.7	85.0	94.8	95.8	59.6	79.5	81.0	64.3	0.0	82.3	92.6	81.0	94.6																										
67.0	96.1	83.3	89.1	55.7	94.6	93.8	70.6	61.9	76.1	87.8	0.0	65.6	80.3	85.8																										
66.5	77.8	78.4	71.8	89.2	71.5	99.2	71.5	69.0	98.0	96.7	85.5	0.0	81.3	92.5																										
91.5	92.8	64.5	66.1	80.1	58.3	91.2	63.9	55.8	90.1	94.1	88.5	73.5	0.0	78.9																										
59.1	98.0	73.8	69.5	91.0	93.9	81.6	73.8	71.8	78.5	59.9	75.6	68.7	88.9	0.0																										
0.0	84.9	84.8	57.3	100.0	64.3	83.3	91.0	65.8	58.7	84.1	94.4	80.6	67.8	72.6																										
89.1	0.0	82.1	55.3	61.6	90.4	68.3	81.1	70.3	75.9	60.5	94.3	66.6	70.0	58.2																										
81.9	89.1	0.0	76.9	82.5	93.0	74.0	86.7	92.6	71.0	84.0	74.2	56.1	56.3	78.0																										
60.5	88.5	91.2	0.0	97.4	93.9	73.9	78.6	73.8	69.7	71.8	89.6	92.5	77.7	64.7																										
58.9	81.3	75.3	58.5	0.0	59.7	72.2	90.5	89.3	95.0	62.8	69.7	94.8	62.9	61.7																										
73.8	91.6	83.4	75.5	77.2	0.0	83.8	98.6	75.5	98.8	69.7	99.0	81.9	55.4	88.2																										
93.5	62.1	99.6	60.7	87.8	94.8	0.0	99.4	99.2	87.4	59.9	99.6	81.6	96.4	59.7																										
80.0	92.9	57.0	86.6	64.7	73.5	67.0	0.0	57.9	69.4	68.4	91.1	88.3	77.8	57.3																										
67.7	58.2	77.7	59.0	63.7	85.4	55.8	77.0	0.0	75.4	60.3	97.5	77.4	88.6	91.7																										
61.2	64.9	80.1	95.9	92.4	77.7	95.8	92.1	95.9	0.0	60.8	99.9	63.7	72.2	68.3																										
75.6	66.2	61.3	80.4	73.5	92.4	60.4	82.8	60.4	63.9	0.0	93.2	85.0	93.5	66.8																										
95.1	74.6	59.5	87.7	75.0	74.0	84.4	56.2	73.8	92.3	86.2	0.0	88.6	55.4	88.0																										
92.5	60.2	56.9	59.9	93.5	96.5	94.4	71.8	83.2	87.5	62.4	77.6	0.0	70.7	92.5																										
76.3	83.6	95.5	83.2	98.6	81.4	76.8	83.2	94.1	94.1	59.4	99.3	93.6	0.0	72.1																										
96.3	90.4	86.2	96.0	56.5	58.4	77.7	75.7	68.1	57.7	92.2	66.7	80.9	62.9	0.0																										
0.0	82.6	61.2	85.5	71.8	69.8	67.5	59.4	64.4	94.3	68.4	82.2	83.4	87.1	81.1																										
80.2	0.0	62.0	65.4	83.4	73.4	65.8	91.4	81.3	93.1	79.0	60.0	63.9	68.0	89.1																										
58.7	72.3	0.0	56.7	64.0	93.0	95.2	63.5	72.0	66.8	64.3	61.5	60.1	72.6	57.9																										
93.5	67.7	68.7	0.0	77.5	78.1	72.3	70.5	97.0	76.9	72.7	90.2	74.3	93.9	92.6																										
64.0	95.3	97.8	59.5	0.0	58.0	63.8	60.9	99.7	87.1	68.1	74.0	55.4	69.7	76.0																										
75.6	55.2	66.3	94.3	55.4	0.0	99.2	83.9	94.0	88.3	96.9	75.3	88.8	98.7	89.6																										
68.3	58.8	85.3	93.4	79.4	91.1	0.0	73.5	68.2	67.9	82.8	88.4	69.3	94.6	68.0																										
87.0	85.3	92.4	70.6	76.3	55.3	87.2	0.0	98.2	57.5	65.6	86.3	69.9	82.8	71.4																										
94.8	67.7	92.1	81.5	62.2	56.6	58.2	95.1	0.0	85.6	90.2	99.0	78.2	86.4	93.7																										
99.4	80.2	95.3	73.3	81.3	72.5	77.1	67.1	77.0	0.0	67.3	66.6	65.7	69.0	66.9																										
68.8	68.8	57.8	63.5	60.3	82.1	98.6	76.0	60.9	97.3	0.0	86.8	85.1	92.6	59.6																										
56.8	91.1	93.0	55.6	58.0	87.0	75.8	88.6	86.9	83.0	69.6	0.0	85.2	67.0	77.7																										
60.7	68.2	87.6	80.5	68.8	61.4	97.5	66.5	70.8	73.5	99.3	59.5	0.0	86.6	85.5																										
91.8	97.7	86.9	69.0	79.0	93.3	79.4	59.8	58.1	73.2	83.0	93.9	73.1	0.0	70.1																										
83.6	68.3	81.1	72.0	78.9	94.7	72.5	69.2	68.2	83.6	74.1	64.3	77.6	69.7	0.0																										
0.0	94.5	67.0	56.4	74.2	80.7	65.5	82.9	84.9	78.8	66.3	55.4	82.5	80.0	86.1																										
85.4	0.0	71.9	60.7	70.1	87.8	73.0	78.9	90.6	77.1	69.9	79.7	82.8	89.3	82.4																										
83.0	85.9	0.0	80.4	91.9	64.0	72.0	84.6	86.0	59.9	87.2	69.2	60.0	87.3	80.5																										
88.5	60.6	89.2	0.0	76.1	70.4	56.4	79.0	76.8	91.6	72.6	65.1	86.2	59.9	80.0																										
84.0	61.3	98.3	88.7	0.0	96.5	69.7	87.3	68.6	79.2	98.2	73.4	65.2	71.2	64.9																										
62.1	59.3	69.1	70.8	66.6	0.0	78.8	59.6	74.6	74.6	96.7	66.1	72.3	78.1	86.8																										
95.0	96.7	56.5	76.3	56.0	75.5	0.0	80.6	72.1	94.8	63.9	73.7	57.7	98.2	71.0																										
92.1	75.3	56.3	60.8	58.8	96.7	80.9	0.0	69.5	64.0	98.0	99.3	61.7	67.4	94.1																										
79.1	87.8	83.8	86.3	77.9	60.4	92.0	55.7	0.0	86.4	88.0	58.6	79.6	72.9	94.2																										
92.0	66.4	77.0	79.6	75.5	79.2	82.5	55.3	69.8	0.0	96.3	74.5	63.0	63.2	57.5																										
78.6	86.3	86.7	97.9	71.9	74.8	83.1	56.4	97.1	64.2	0.0	60.7	96.9	60.3	74.8																										
79.7	62.7	78.7	71.0	78.1	91.9	94.2	67.1	98.9	85.4	69.2	0.0	97.8	96.4	82.1																										
94.3	77.7	72.9	81.6	85.5	85.0	86.8	93.6	56.0	84.4	88.1	79.0	0.0	73.2	65.9																										
76.9	59.4	68.5	76.1	68.4	84.4	75.2	85.6	63.2	56.6	97.5	97.1	99.6	0.0	66.1																										
78.6	76.9	61.9	79.6	76.6	67.3	80.7	69.6	91.9	60.6	77.5	99.9	99.6	86.5	0.0																										
0.0	94.8	62.2	83.7	82.1	75.5	63.8	67.4	96.5	67.4	86.5	93.9	67.9	86.7	58.5																										
99.8	0.0	78.2	65.3	76.4	78.7	88.8	64.5	55.8	88.0	82.7	94.2	90.4	66.9	80.1																										
58.8	56.2	0.0	96.2	80.5	83.9	89.9	72.2	72.3	96.6	75.8	94.2	72.6	63.0	63.5																										
55.6	59.6	97.1	0.0	99.1	90.3	95.4	60.4	76.3	77.0	88.2	57.7	63.4	75.2	83.2																										
79.4	70.3	60.9	85.9	0.0	89.8	81.3	83.6	61.2	87.9	80.7	78.7	98.7	89.9	83.4																										
80.5	78.0	81.2	90.2	83.7	0.0	78.8	96.8	79.2	71.9	69.3	95.5	68.7	85.6	79.3																										
71.8	60.7	96.0	96.7	66.9	74.2	0.0	67.5	71.7	55.2	93.5	83.8	67.0	71.1	74.1																										
73.6	82.0	63.6	95.8	82.9	96.6	59.8	0.0	62.9	67.9	56.8	59.6	64.9	70.1	74.9																										
81.0	96.3	84.3	79.6	60.2	70.0	83.2	62.5	0.0	96.1	70.4	56.3	65.1	69.9	87.1																										
73.9	60.0	91.9	97.4	94.0	60.5	83.8	81.4	88.4	0.0	82.7	65.4	79.3	73.0	73.0																										
95.2	90.6	91.4	79.5	89.9	57.3	66.8	89.0	67.0	68.0	0.0	91.7	85.4	85.7	95.7																										
84.1	98.6	95.6	55.3	66.1	86.3	98.9	61.1	59.0	83.6	67.1	0.0	86.3	95.7	80.3																										
64.7	75.3	66.3	56.9	67.7	73.7	93.5	95.4	70.1	79.9	93.3	76.3	0.0	66.4	94.4																										
72.4	74.9	86.5	80.8	68.6	66.9	80.6	94.6	63.0	67.5	97.5	65.3	94.0	0.0	57.6																										
89.5	71.8	69.2	96.7	59.7	78.0	58.2	64.0	70.2	59.4	89.4	84.9	62.3	87.9	0.0																										
0.0	90.4	76.6	64.1	57.9	82.1	89.4	99.3	88.2	58.0	59.2	81.8	81.0	57.7	84.8																										
96.0	0.0	100.0	83.1	70.9	88.6	71.7	81.3	64.9	93.1	64.6	76.1	84.6	78.2	87.3																										
91.4	56.2	0.0	95.7	55.2	71.5	83.8	58.6	83.0	66.7	85.3	98.7	67.4	82.1	77.3																										
66.0	75.0	61.7	0.0	92.6	77.9	56.8	71.6	93.1	55.4	80.5	58.8	97.1	91.3	81.8																										
76.5	82.4	70.4	87.0	0.0	99.2	74.7	60.6	87.5	61.9	91.1	67.1	76.7	92.0	79.2																										
73.6	87.2	79.3	60.9	61.4	0.0	63.1	67.4	89.7	82.1	80.5	57.6	88.3	67.2	76.4																										
72.1	92.8	71.2	92.4	79.4	85.5	0.0	97.3	55.9	64.7	78.8	72.1	66.1	90.0	71.7																										
73.3	91.6	64.1	92.8	55.8	85.0	79.4	0.0	84.9	81.7	70.1	88.2	67.5	89.0	88.3																										
63.3	56.6	66.9	70.5	55.1	81.8	84.6	87.5	0.0	83.4	94.7	60.9	66.5	86.9	58.6																										
69.2	73.8	96.3	75.7	97.2	58.6	64.1	80.1	76.0	0.0	95.3	87.7	97.0	98.4	83.9																										
91.7	97.4	85.7	87.1	81.3	89.2	74.1	74.2	76.2	89.1	0.0	67.5	60.8	81.7	55.5																										
89.0	85.4	75.0	91.8	69.0	68.5	87.4	76.2	74.7	74.2	98.3	0.0	66.0	88.3	58.7																										
97.6	72.7	96.6	96.2	77.1	82.2	88.0	83.0	75.0	59.3	71.3	77.5	0.0	70.0	89.7																										
75.4	96.0	81.8	93.3	77.0	55.9	81.0	81.2	77.9	98.0	87.8	57.9	65.4	0.0	66.1																										
93.8	83.2	61.5	72.9	75.3	96.7	87.0	90.2	85.2	86.8	90.9	57.7	86.5	92.5	0.0																										
0.0	73.1	64.6	72.6	60.9	87.4	86.5	90.5	78.2	56.7	62.3	78.7	58.7	93.0	69.6																										
60.4	0.0	66.0	92.4	75.6	57.7	100.0	66.6	79.8	78.0	98.5	81.8	99.8	92.8	66.8																										
65.3	72.1	0.0	94.9	66.8	71.2	96.2	97.9	76.9	59.4	67.4	55.7	87.7	98.0	61.7																										
82.6	99.5	63.5	0.0	72.2	65.2	96.4	61.5	57.6	86.5	95.4	60.6	60.6	68.9	77.9																										
90.2	63.2	90.0	60.3	0.0	96.8	79.3	91.0	66.3	65.2	99.1	69.9	58.3	57.0	79.6																										
91.4	74.8	62.8	59.7	82.1	0.0	75.1	79.2	67.2	56.1	65.1	63.4	80.9	63.0	56.6																										
74.4	55.1	78.4	86.1	55.1	87.3	0.0	58.4	97.1	80.6	89.2	94.7	90.7	86.0	58.2																										
98.7	77.5	80.9	91.3	69.5	71.8	90.1	0.0	72.0	94.9	80.2	75.0	87.6	69.9	88.2																										
55.8	95.5	99.9	74.8	78.2	75.3	74.1	70.1	0.0	67.9	63.3	67.5	68.8	63.1	75.2																										
75.1	76.3	98.3	73.2	97.4	62.3	87.6	92.6	61.3	0.0	69.9	75.6	93.1	55.9	76.4																										
63.3	75.5	88.1	58.0	95.0	59.4	94.5	73.2	63.4	87.5	0.0	61.7	70.3	62.3	74.7																										
63.7	84.8	85.6	62.6	63.5	58.9	58.9	99.1	98.3	61.3	63.5	0.0	73.8	68.5	56.2																										
91.0	77.2	77.6	99.7	86.2	65.8	62.7	94.9	71.9	92.4	92.5	72.2	0.0	85.3	68.4																										
59.8	82.5	79.0	73.5	89.7	93.2	82.8	85.8	57.1	55.3	66.8	94.0	92.5	0.0	90.8																										
84.0	55.3	78.8	92.9	93.3	70.6	77.2	77.4	98.7	58.8	94.2	95.8	70.3	65.5	0.0																										
0.0	63.0	71.7	59.7	57.4	56.6	92.2	69.7	63.9	66.7	60.2	84.2	85.4	87.0	97.9																										
94.7	0.0	59.4	79.9	99.3	67.5	98.5	72.0	78.8	89.5	92.4	98.5	67.8	78.3	68.6																										
77.0	96.3	0.0	62.6	79.7	71.0	60.3	78.7	78.2	55.6	88.3	62.1	74.6	85.5	61.3																										
82.1	64.5	99.2	0.0	65.2	92.0	55.8	87.8	66.3	88.7	56.9	55.3	80.2	58.6	97.7																										
73.0	78.4	70.9	77.1	0.0	80.2	78.8	77.7	68.7	68.6	60.3	71.1	94.8	68.8	78.4																										
77.1	62.8	79.9	74.5	66.6	0.0	64.5	72.8	87.1	60.9	75.9	65.6	70.4	58.8	82.2																										
63.6	88.4	66.1	85.9	91.4	63.0	0.0	56.4	96.3	88.9	56.4	60.0	59.8	76.7	70.7																										
81.9	96.0	69.5	94.3	79.4	89.0	92.5	0.0	57.5	80.7	87.5	92.6	85.1	93.7	69.6																										
72.7	79.3	74.2	85.7	96.3	70.2	98.7	79.5	0.0	68.0	82.4	89.0	82.3	86.3	75.8																										
99.2	85.7	55.1	75.4	86.0	73.6	68.5	56.0	61.0	0.0	80.6	75.9	61.4	74.1	55.0																										
80.9	86.3	96.4	71.0	71.6	91.6	67.9	97.9	62.2	72.2	0.0	91.3	92.7	85.5	93.4																										
85.2	57.4	65.3	87.3	56.0	89.2	67.2	85.9	62.3	70.4	81.5	0.0	91.3	82.3	79.8																										
83.2	61.5	55.5	79.5	72.8	70.8	88.7	95.9	67.6	56.9	75.6	99.6	0.0	68.6	75.0																										
93.6	91.0	78.2	81.0	94.1	56.7	88.2	73.5	63.5	64.2	79.8	66.9	97.5	0.0	67.6																										
97.3	61.2	72.9	67.5	83.0	66.3	70.8	64.3	83.3	63.4	95.7	57.1	72.5	73.8	0.0																										
0.0	68.7	67.1	80.7	74.0	97.5	69.8	95.7	91.0	79.0	63.9	58.2	98.7	73.1	56.7																										
93.0	0.0	61.8	92.7	78.0	56.5	83.8	70.9	88.8	60.9	57.5	80.3	67.2	94.7	97.3																										
63.4	77.3	0.0	57.2	92.1	64.2	87.6	86.0	93.5	57.6	88.8	68.2	90.8	85.8	76.7																										
75.0	91.5	91.0	0.0	90.8	82.0	83.1	64.6	71.0	60.8	97.5	72.8	60.6	91.9	99.8																										
98.1	88.6	68.3	70.3	0.0	88.1	93.6	59.3	87.6	99.1	83.7	90.8	82.7	85.2	86.3																										
85.0	73.0	75.9	98.3	72.6	0.0	95.6	67.8	55.3	79.5	73.9	58.7	83.3	61.1	91.0																										
81.9	69.3	59.7	81.0	82.2	83.6	0.0	71.2	98.8	73.5	98.0	65.2	86.0	88.3	80.3																										
84.5	66.5	84.5	82.7	99.6	92.3	98.2	0.0	72.7	80.9	79.7	64.0	98.7	99.1	57.0																										
68.5	62.1	80.3	89.4	69.5	57.6	64.3	86.4	0.0	64.1	77.7	57.6	68.9	73.6	75.0																										
87.7	80.1	79.8	71.3	61.1	95.0	96.2	91.8	72.0	0.0	67.6	99.7	95.4	95.4	64.7																										
70.3	87.5	82.9	63.1	63.9	63.1	61.5	97.2	93.4	91.4	0.0	97.3	66.9	72.3	59.8																										
96.0	79.1	85.4	63.6	91.0	92.0	88.7	97.9	96.7	94.8	55.7	0.0	78.3	66.3	91.5																										
81.2	71.1	98.3	74.1	97.0	85.4	85.6	87.5	66.3	86.1	68.5	71.1	0.0	86.0	62.6																										
84.0	73.0	91.4	76.5	69.1	82.0	92.4	82.4	89.7	55.9	72.4	79.0	55.4	0.0	75.5																										
97.9	96.3	73.3	74.6	74.2	70.5	65.4	92.3	89.2	92.1	75.8	88.3	57.0	94.4	0.0																										
0.0	66.4	99.5	59.7	70.9	61.7	68.2	91.1	90.0	69.1	92.4	74.0	71.5	78.5	78.7																										
70.5	0.0	72.1	78.8	99.9	89.5	81.5	67.5	89.7	56.5	86.6	86.2	79.4	89.6	57.1																										
99.4	61.5	0.0	88.4	65.0	66.8	88.4	73.5	78.2	82.7	95.2	57.7	76.0	77.2	96.7																										
66.9	78.7	95.9	0.0	99.3	85.5	76.8	70.7	95.0	87.2	77.6	78.5	81.8	62.7	64.5																										
67.3	98.0	81.5	99.0	0.0	62.4	60.0	60.2	75.3	94.1	84.1	65.7	90.0	78.4	94.5																										
80.0	61.6	67.3	55.6	77.8	0.0	67.5	68.1	87.4	92.2	59.2	85.9	87.1	81.5	81.4																										
94.0	70.2	59.2	70.6	92.1	62.8	0.0	97.0	89.8	84.1	56.6	89.5	96.4	76.2	97.1																										
98.8	86.4	88.2	85.5	83.0	89.7	92.9	0.0	64.1	77.7	92.7	86.4	90.0	76.2	95.1																										
81.0	64.6	96.9	64.5	60.5	87.5	80.4	84.9	0.0	73.0	87.6	66.1	81.3	83.6	89.1																										
67.3	63.0	59.4	68.4	82.9	99.7	88.3	98.5	72.7	0.0	96.3	70.3	99.5	77.9	83.7																										
57.4	74.5	67.5	62.1	60.8	95.6	71.9	84.5	95.0	63.4	0.0	90.6	89.1	93.2	80.6																										
70.7	93.9	88.0	62.2	74.6	56.4	98.5	55.5	89.6	63.7	91.3	0.0	76.1	77.6	95.6																										
78.0	89.9	62.2	68.2	64.2	86.5	81.6	66.4	71.6	85.6	75.9	94.1	0.0	80.5	57.5																										
97.6	60.8	70.4	86.5	71.9	71.5	85.7	97.7	59.8	86.6	69.1	91.2	89.5	0.0	75.3																										
63.2	85.5	60.0	63.3	58.2	73.4	81.2	78.1	65.3	83.6	57.7	79.0	67.8	86.7	0.0																										
0.0	68.4	55.9	84.2	81.1	92.0	62.2	79.6	99.8	89.5	92.8	98.4	62.4	91.6	91.4																										
74.1	0.0	88.3	91.5	76.4	92.5	73.2	96.7	97.3	56.2	78.0	95.2	58.0	72.0	71.2																										
90.8	93.7	0.0	63.8	95.0	94.1	91.5	66.0	85.9	69.9	65.8	93.9	58.1	92.6	71.5																										
99.9	91.1	75.2	0.0	78.7	64.1	55.3	56.7	63.5	70.4	95.6	86.5	71.6	67.0	91.0																										
62.1	80.5	70.2	58.3	0.0	81.4	79.8	73.4	79.7	66.7	68.2	71.1	63.3	67.8	89.6																										
88.8	81.6	69.8	96.1	63.6	0.0	67.3	76.9	75.4	78.2	66.1	73.5	96.3	85.3	74.1																										
61.1	68.3	99.1	64.4	91.8	71.0	0.0	72.7	73.2	55.3	64.1	75.7	57.0	57.4	75.5																										
73.9	84.8	84.7	95.0	66.5	84.1	82.5	0.0	96.0	94.0	87.7	86.8	96.7	94.3	59.7																										
72.5	89.3	83.7	82.2	75.2	74.0	61.8	88.9	0.0	70.2	56.8	55.9	57.7	77.1	74.6																										
78.0	92.1	81.0	67.9	98.2	95.7	92.1	92.2	56.1	0.0	81.7	78.2	84.6	73.1	83.5																										
83.0	82.7	87.1	66.7	69.5	92.9	78.1	61.6	96.4	75.0	0.0	67.3	97.9	96.2	79.2																										
80.5	66.6	69.0	79.2	90.2	68.7	96.5	70.9	84.4	69.5	68.8	0.0	76.3	78.1	96.5																										
86.5	57.6	85.4	66.8	63.6	91.6	84.1	95.6	88.2	69.0	58.8	79.2	0.0	95.3	68.2																										
94.4	64.8	98.9	73.3	99.1	77.0	60.5	59.8	88.5	77.3	96.6	99.1	80.4	0.0	82.0																										
84.0	88.3	57.3	59.6	86.9	94.4	67.7	99.7	98.9	84.7	65.0	63.7	73.2	80.3	0.0																										
0.0	78.4	81.1	77.3	91.7	63.2	59.6	80.9	97.3	90.2	77.2	80.2	93.2	57.0	64.8																										
76.6	0.0	89.6	59.4	67.3	85.6	68.7	68.7	92.0	68.2	82.2	77.6	78.4	55.5	97.7																										
76.2	74.8	0.0	84.1	76.6	97.3	68.6	97.9	71.3	67.4	58.0	73.9	93.6	82.5	95.5																										
65.4	74.0	87.1	0.0	68.6	98.7	77.9	66.1	89.2	84.8	86.1	70.3	75.2	61.2	97.0																										
80.3	65.7	55.9	73.0	0.0	70.0	63.5	88.3	61.7	58.0	68.9	94.4	74.9	88.1	91.6																										
71.5	64.1	63.3	57.0	97.3	0.0	56.7	89.7	72.8	74.1	57.9	90.1	63.1	60.5	85.3																										
86.1	76.6	81.4	55.6	56.3	55.5	0.0	61.2	61.0	59.1	66.7	64.1	74.5	62.4	81.7																										
88.4	82.2	61.4	98.6	98.9	93.8	55.0	0.0	78.1	68.3	76.0	59.3	57.9	100.0	79.9																										
96.7	92.4	93.6	73.9	82.8	56.9	64.1	89.2	0.0	90.7	60.9	65.0	69.3	62.3	71.0																										
74.8	94.6	97.8	66.2	66.9	82.8	81.3	60.7	75.1	0.0	62.3	96.0	91.0	67.5	83.1																										
97.8	79.5	80.9	92.9	94.8	86.5	70.6	66.4	92.5	72.2	0.0	98.8	58.8	73.7	89.0																										
97.4	77.3	65.9	90.9	95.1	91.9	60.6	82.3	55.3	76.7	89.9	0.0	66.9	73.5	85.0																										
71.1	92.4	84.4	56.3	81.9	99.8	81.3	88.2	91.3	99.0	90.7	84.6	0.0	70.9	84.3																										
64.9	90.9	96.5	97.5	83.6	60.1	80.1	82.5	66.6	76.1	97.9	56.8	60.2	0.0	86.8																										
83.8	91.0	77.1	79.2	65.5	69.9	58.0	86.2	62.2	81.3	82.4	84.8	64.6	94.3	0.0																										
0.0	65.9	72.7	57.4	66.7	89.1	86.0	76.9	88.4	67.1	70.7	86.6	90.9	79.0	73.3																										
69.9	0.0	91.3	93.6	96.8	99.3	84.8	70.7	60.8	96.0	67.8	61.3	75.1	57.6	59.2																										
99.2	59.3	0.0	99.3	99.6	98.5	76.7	62.8	84.4	91.0	67.5	86.8	78.6	83.0	57.4																										
72.1	72.0	91.7	0.0	82.7	95.7	62.9	71.0	89.4	63.7	84.0	82.4	97.4	80.3	64.1																										
86.2	64.6	82.4	65.1	0.0	72.2	60.1	81.6	86.1	64.9	73.7	70.9	69.3	77.7	90.8																										
96.0	93.4	64.0	99.9	95.5	0.0	58.0	79.4	82.6	59.7	86.5	84.6	61.6	85.2	88.7																										
83.5	87.6	57.4	97.8	75.7	65.7	0.0	96.3	61.0	73.3	70.4	64.2	92.2	79.4	66.4																										
78.2	56.4	80.7	58.9	62.9	98.8	84.9	0.0	84.1	89.8	55.1	70.4	57.0	75.4	76.9																										
82.1	93.6	92.0	78.3	82.3	71.8	98.8	74.2	0.0	80.2	82.4	81.6	96.8	56.1	78.0																										
63.9	70.4	69.4	58.3	60.9	65.4	65.4	96.0	72.6	0.0	57.8	80.7	89.9	61.5	59.1																										
74.5	95.2	59.0	71.5	79.7	93.1	57.4	66.1	99.2	94.7	0.0	89.7	85.2	86.5	87.6																										
77.1	83.1	60.3	65.7	70.9	78.8	92.3	68.8	86.4	94.1	82.4	0.0	60.4	63.3	77.3																										
86.3	70.5	91.4	60.5	91.3	92.1	69.8	95.1	60.7	74.5	82.7	56.0	0.0	72.7	65.4																										
61.9	91.2	97.1	84.2	56.5	83.1	55.7	62.1	61.7	92.7	87.6	76.5	82.3	0.0	86.3																										
87.2	84.3	71.2	98.2	91.6	78.6	73.9	94.6	93.8	59.0	59.4	87.8	59.3	72.3	0.0																										
0.0	81.1	71.4	72.4	86.2	74.5	90.6	82.5	76.9	91.2	92.6	63.5	87.6	72.8	90.4																										
57.5	0.0	92.5	74.6	61.7	67.5	80.5	69.0	58.5	90.7	87.8	98.5	84.0	89.8	99.6																										
78.5	70.5	0.0	81.0	58.4	95.2	78.6	93.8	94.5	60.7	62.8	57.7	74.8	83.6	58.4																										
88.4	77.6	85.5	0.0	68.5	56.1	56.3	72.7	98.3	82.8	91.2	97.3	61.1	61.1	84.4																										
83.8	80.6	63.5	89.5	0.0	87.6	62.6	94.2	65.7	86.2	58.6	92.6	87.8	81.3	68.7																										
80.5	72.5	88.2	56.2	87.5	0.0	80.5	72.0	94.8	85.6	63.8	62.1	93.0	64.3	99.6																										
81.0	90.3	83.3	96.2	65.4	97.0	0.0	97.9	88.5	70.8	64.4	94.7	98.2	86.3	71.3																										
93.0	71.3	98.7	99.3	90.0	79.6	85.9	0.0	95.4	64.8	68.2	80.2	67.4	88.1	66.0																										
89.4	83.0	96.7	72.5	63.6	64.5	91.7	90.7	0.0	72.1	79.9	99.5	84.8	64.6	96.9																										
74.3	76.2	66.2	78.5	61.0	65.2	55.4	94.1	96.7	0.0	65.8	62.6	58.0	84.9	62.0																										
70.3	78.6	74.9	69.8	61.7	66.7	57.1	83.3	83.9	69.7	0.0	63.7	74.6	84.7	61.9																										
79.9	92.0	70.8	83.8	81.5	84.6	95.5	75.6	65.1	55.4	88.0	0.0	88.6	57.3	95.7																										
67.8	94.0	89.7	91.2	61.7	94.7	82.0	93.1	72.7	100.0	78.0	98.2	0.0	63.5	91.1																										
98.8	69.7	82.8	95.0	83.8	89.3	71.9	66.0	60.6	56.2	98.7	82.7	65.8	0.0	63.2																										
74.3	62.5	61.7	68.0	76.0	68.8	80.8	91.0	80.9	77.9	97.4	91.5	71.9	85.1	0.0																										
0.0	46.1	56.8	50.2	46.9	45.0	49.2	58.1	60.4	53.7	60.6	56.8	45.1	55.4	55.8																										
44.7	0.0	58.7	57.0	50.1	45.0	50.7	50.4	50.3	52.7	44.6	59.5	58.2	45.7	45.4																										
58.3	51.8	0.0	44.0	58.3	58.1	43.1	45.8	46.8	60.3	53.3	53.1	51.4	54.7	49.8																										
58.2	57.5	51.4	0.0	41.5	45.8	61.0	59.2	57.7	41.5	52.8	46.4	48.3	48.1	46.3																										
41.2	53.4	54.0	54.6	0.0	60.5	52.7	57.8	48.9	55.5	60.7	58.1	48.9	59.7	41.5																										
57.1	59.3	52.5	56.6	45.6	0.0	52.2	51.8	56.5	43.2	54.6	49.3	45.8	58.0	42.5																										
42.5	50.0	60.7	54.0	50.5	49.5	0.0	51.4	59.2	60.1	58.2	49.8	58.3	46.3	41.3																										
55.8	44.5	44.2	56.4	47.2	50.7	54.0	0.0	57.5	56.8	51.0	43.8	58.1	42.9	52.4																										
48.1	55.4	41.8	42.7	41.1	59.4	48.2	45.9	0.0	53.3	47.5	49.6	57.4	50.0	44.8																										
52.1	59.5	51.3	47.6	44.3	47.4	41.7	58.9	60.8	0.0	43.0	42.8	47.4	59.6	42.8																										
44.3	56.8	50.8	51.4	43.3	58.5	54.5	54.9	47.7	59.9	0.0	59.0	48.8	43.2	58.0																										
45.9	50.1	54.0	58.7	48.3	45.0	53.1	57.7	54.2	53.2	59.7	0.0	44.7	48.0	56.6																										
42.6	52.1	57.3	50.7	51.5	51.7	50.9	53.5	59.3	41.4	57.3	56.7	0.0	47.7	45.2																										
50.3	47.0	47.8	54.7	60.4	60.8	48.0	53.9	58.5	53.7	42.7	42.8	49.2	0.0	52.3																										
54.7	50.8	52.3	45.2	57.0	43.1	58.0	60.1	48.1	60.4	42.3	58.6	56.3	44.2	0.0																										
0.0	43.8	41.2	60.0	47.9	46.6	42.9	48.5	51.9	43.3	55.7	52.2	57.8	42.3	50.1																										
56.6	0.0	44.0	51.3	57.7	52.8	50.2	53.7	60.7	51.3	46.1	42.6	56.2	59.2	57.0																										
55.7	47.2	0.0	59.4	43.2	52.7	45.1	55.5	59.9	53.1	44.4	60.7	59.6	42.3	59.0																										
55.2	54.1	60.7	0.0	56.0	42.0	48.5	60.2	54.2	59.9	57.1	60.8	50.2	57.4	42.3																										
42.0	42.7	53.6	60.8	0.0	46.7	50.7	51.3	54.7	51.0	45.9	48.8	54.5	46.3	60.4																										
60.7	47.1	50.4	48.4	44.1	0.0	53.1	55.4	42.0	45.7	56.7	55.1	51.0	58.0	43.7																										
46.7	46.2	59.2	45.0	52.2	41.9	0.0	47.8	54.2	43.0	42.1	46.8	42.6	41.9	52.9																										
55.3	55.7	53.0	58.0	51.1	57.8	56.5	0.0	48.9	52.9	45.8	52.0	46.2	57.2	46.8																										
46.2	48.2	51.0	46.5	44.9	48.7	59.7	45.6	0.0	42.1	59.4	46.0	57.7	50.3	55.3																										
57.0	42.9	55.8	52.1	54.1	46.4	46.7	52.9	52.6	0.0	56.3	44.8	55.6	56.1	49.1																										
58.7	49.1	51.9	52.6	48.3	42.3	47.1	41.3	53.1	55.2	0.0	60.8	60.0	55.7	49.8																										
46.8	56.4	45.7	47.8	58.1	51.6	47.3	44.3	50.1	48.5	57.9	0.0	46.5	60.6	45.0																										
43.3	41.5	59.3	49.1	47.8	45.9	58.4	60.4	61.0	42.7	57.8	41.0	0.0	42.9	51.1																										
54.8	46.7	55.4	60.5	58.5	48.6	52.5	56.7	42.4	57.6	41.2	58.8	44.8	0.0	52.8																										
55.3	60.6	47.8	47.4	55.7	43.2	41.7	47.9	45.5	46.2	43.1	49.9	55.9	56.7	0.0																										
0.0	43.9	52.4	57.8	44.0	43.8	50.7	50.4	41.5	51.4	56.9	54.8	60.1	56.7	49.9																										
58.7	0.0	57.9	46.9	46.5	57.1	57.2	57.5	41.4	58.6	46.0	59.2	56.1	45.0	56.6																										
42.2	47.0	0.0	57.7	58.9	46.9	60.3	58.0	43.3	46.0	53.0	41.5	53.2	53.2	43.3																										
49.4	59.0	58.4	0.0	51.2	46.3	58.1	48.6	52.8	42.6	56.9	59.2	54.3	47.4	56.1																										
54.3	52.7	46.8	60.4	0.0	41.9	60.2	56.9	51.2	46.8	56.9	55.5	43.6	57.4	46.0																										
56.9	56.0	54.8	41.3	58.3	0.0	54.9	43.1	55.0	41.3	51.6	57.8	57.9	43.2	53.7																										
53.1	43.9	41.4	61.0	47.4	58.0	0.0	52.8	46.1	57.4	59.1	47.8	51.8	47.4	41.3																										
48.7	41.4	48.7	47.0	51.8	59.1	53.9	0.0	45.2	47.7	52.2	55.4	46.0	49.1	56.7																										
49.2	50.1	46.0	49.3	46.7	46.7	53.0	41.8	0.0	42.1	58.9	49.7	47.9	60.5	41.6																										
59.0	48.5	56.1	42.7	41.7	41.2	56.8	43.6	47.9	0.0	50.5	52.2	48.0	53.2	56.6																										
54.4	52.7	53.4	52.2	48.8	54.5	60.6	41.1	46.1	56.9	0.0	41.7	58.1	59.2	55.1																										
57.1	54.4	60.3	51.6	50.2	45.9	42.7	60.9	42.3	59.9	52.5	0.0	57.8	47.3	58.1																										
45.2	56.6	45.0	52.7	51.3	47.7	42.7	55.1	48.1	58.8	47.8	50.6	0.0	45.7	59.5																										
55.1	46.1	55.1	42.0	57.9	53.6	60.3	52.7	56.7	57.6	53.4	49.9	61.0	0.0	46.4																										
49.7	60.0	43.6	54.0	45.2	55.0	41.1	53.7	56.6	53.0	58.7	52.8	45.5	45.6	0.0																										
0.0	56.7	51.1	45.1	59.9	48.4	52.7	52.8	45.1	54.3	44.2	58.8	58.3	49.7	49.3																										
47.3	0.0	56.8	52.0	47.1	56.6	60.5	50.9	42.7	42.8	42.4	58.5	57.5	57.4	52.3																										
54.2	45.6	0.0	47.2	50.1	49.7	41.0	56.5	44.1	54.9	53.9	57.9	50.8	48.2	59.1																										
48.2	48.9	59.5	0.0	52.5	58.7	41.3	44.1	59.8	50.9	46.3	54.6	57.0	57.2	58.0																										
55.3	50.7	57.0	46.1	0.0	46.1	61.0	52.0	58.2	45.6	54.8	54.9	57.6	51.8	49.2																										
51.0	43.0	48.0	55.9	45.1	0.0	60.8	57.5	57.6	60.6	53.9	51.0	48.8	47.2	41.9																										
52.7	57.8	49.0	42.3	58.3	54.0	0.0	47.8	54.9	43.9	51.0	58.1	41.9	56.7	52.4																										
49.5	53.3	55.8	41.9	57.1	53.8	60.7	0.0	41.8	47.5	52.8	58.3	55.3	60.8	43.4																										
50.4	48.6	60.2	50.1	43.4	42.0	44.2	44.3	0.0	58.4	58.9	50.8	51.5	50.6	51.0																										
60.5	45.1	48.2	42.2	57.7	41.8	53.5	43.9	49.8	0.0	51.9	51.0	46.6	58.5	49.2																										
57.5	45.9	47.1	57.9	56.0	46.9	49.6	47.7	46.2	52.4	0.0	45.3	48.6	42.5	51.5																										
45.4	46.8	42.7	50.4	46.3	53.4	59.5	43.9	43.3	49.4	48.1	0.0	47.6	50.9	47.4																										
44.0	51.7	52.2	51.7	48.7	43.6	57.1	42.6	44.2	50.9	59.4	59.3	0.0	58.4	49.0																										
56.8	48.0	59.7	46.8	60.9	58.9	48.0	46.1	59.3	60.1	43.9	55.7	41.4	0.0	46.2																										
49.0	44.5	54.1	46.1	60.0	59.9	60.2	41.5	42.8	52.6	55.8	47.8	60.6	44.5	0.0																										
0.0	50.4	50.7	46.0	43.5	58.7	49.0	41.9	54.1	48.4	50.2	44.5	43.4	45.9	45.3																										
48.1	0.0	47.6	58.1	60.3	43.8	60.5	60.4	43.6	58.8	47.0	48.3	56.8	55.8	52.5																										
51.2	44.9	0.0	51.3	43.6	46.9	51.8	50.3	60.0	52.6	44.8	60.1	59.6	56.4	49.9																										
45.9	47.8	57.5	0.0	47.0	44.2	57.6	48.5	60.4	42.2	41.2	43.4	55.3	42.8	48.9																										
44.6	41.8	48.1	60.7	0.0	50.9	44.1	55.5	52.9	50.5	53.2	56.1	52.7	54.0	44.3																										
52.1	52.3	46.9	45.1	58.9	0.0	51.7	53.4	45.9	59.1	56.2	55.9	54.6	42.9	42.9																										
53.5	51.0	47.2	46.3	44.7	47.8	0.0	55.8	60.6	58.8	52.0	45.0	47.6	57.3	48.2																										
42.3	48.8	53.6	54.7	54.4	49.3	49.6	0.0	55.2	51.3	54.1	46.7	42.2	51.0	45.0																										
54.9	47.8	46.5	60.1	46.9	43.5	41.9	49.6	0.0	56.5	42.8	50.9	44.4	56.0	48.4																										
49.5	48.8	50.6	52.7	48.0	41.3	59.1	41.3	44.6	0.0	47.1	56.7	48.6	57.0	49.9																										
54.2	47.1	46.2	46.5	42.1	57.2	53.2	49.9	56.9	50.1	0.0	56.5	51.3	43.8	57.9																										
53.5	46.2	57.0	52.9	43.8	46.1	46.9	51.9	41.3	57.6	54.7	0.0	42.9	45.9	55.9																										
52.2	59.4	48.6	56.7	58.3	47.9	60.0	60.1	60.8	56.3	57.3	41.1	0.0	43.9	55.8																										
49.1	60.0	50.1	44.3	55.9	50.9	48.1	45.5	50.2	50.1	48.8	46.7	58.4	0.0	41.4																										
47.5	42.7	48.1	52.5	51.4	47.0	54.1	42.8	43.7	55.7	54.9	50.8	42.1	50.6	0.0																										
0.0	45.7	45.3	53.1	48.3	47.0	60.3	54.3	53.1	41.7	54.8	49.7	60.6	50.3	53.4																										
43.1	0.0	46.4	44.2	46.5	57.0	60.4	41.0	51.6	59.9	60.1	43.9	58.1	53.2	46.1																										
60.2	60.2	0.0	41.0	52.0	51.2	58.2	42.2	49.1	50.4	41.8	53.3	46.0	46.2	53.8																										
60.1	52.8	46.4	0.0	49.3	56.8	41.5	50.5	48.3	42.5	60.3	60.2	54.7	46.0	43.7																										
59.2	50.4	45.2	58.7	0.0	58.4	51.4	45.7	44.8	55.2	56.5	47.9	43.3	49.6	57.6																										
49.5	41.4	42.5	41.5	59.5	0.0	56.1	46.8	47.4	47.0	53.1	49.3	41.4	44.5	47.1																										
50.0	56.0	53.7	43.4	44.4	46.8	0.0	51.2	55.4	51.2	42.7	49.4	56.6	47.5	58.0																										
49.6	57.9	59.2	41.9	47.7	56.3	42.2	0.0	46.1	58.6	42.2	55.8	51.5	58.3	57.0																										
53.3	51.7	60.0	42.6	43.0	41.1	55.9	41.6	0.0	51.1	42.0	58.4	41.5	54.7	48.7																										
49.5	51.3	42.0	41.7	41.1	49.8	58.8	42.9	59.5	0.0	57.9	49.8	45.7	56.8	43.1																										
42.3	48.0	56.8	46.3	47.3	45.3	44.5	49.9	41.7	57.4	0.0	43.0	59.4	54.2	46.1																										
50.6	60.0	56.7	48.3	57.0	57.1	60.9	41.8	47.0	44.5	57.9	0.0	56.2	60.6	49.7																										
51.1	50.3	47.0	52.3	49.7	60.5	47.1	53.9	60.7	52.8	59.8	53.6	0.0	43.5	41.9																										
43.5	52.4	56.0	44.9	45.9	51.8	48.1	55.2	45.0	56.5	52.3	43.8	41.8	0.0	54.9																										
57.6	59.5	54.2	60.0	58.4	52.2	44.4	50.1	57.4	60.1	52.2	47.0	47.9	50.6	0.0																										
0.0	51.9	51.0	54.9	41.4	58.3	47.5	52.9	50.0	55.3	60.6	44.2	41.1	47.8	60.9																										
49.4	0.0	51.8	51.5	57.7	45.9	45.1	49.8	48.7	42.5	59.6	51.3	52.9	46.5	47.0																										
46.1	48.3	0.0	44.3	41.7	45.6	56.4	41.2	53.3	55.2	42.8	44.9	45.5	56.9	43.0																										
41.3	46.8	49.7	0.0	54.6	47.4	48.4	51.7	60.6	59.6	46.4	42.7	42.3	44.0	52.0																										
42.9	53.4	54.8	42.2	0.0	54.0	52.4	45.7	57.9	49.1	56.7	53.3	53.3	51.9	41.9																										
45.4	58.3	48.5	50.0	48.8	0.0	44.5	45.5	58.3	47.2	59.9	59.9	49.4	52.8	48.4																										
49.1	41.3	45.4	50.8	42.5	60.4	0.0	43.8	60.3	44.4	51.3	53.4	42.6	58.2	52.3																										
46.9	51.0	58.0	50.6	48.9	56.9	45.9	0.0	43.9	45.6	46.9	48.9	55.4	43.0	55.9																										
55.7	57.6	56.4	41.9	54.2	54.9	59.7	57.1	0.0	50.3	41.8	55.2	58.1	56.9	53.1																										
55.6	41.3	51.6	50.4	54.7	43.0	52.2	58.8	48.0	0.0	44.4	51.8	41.2	54.4	46.9																										
56.3	59.7	42.8	58.9	47.0	57.0	56.5	56.8	55.7	55.3	0.0	52.8	53.0	54.3	53.7																										
53.6	48.7	59.5	55.0	44.8	48.2	46.5	53.7	48.5	56.0	58.5	0.0	58.8	41.1	43.9																										
43.0	56.0	43.3	51.6	57.9	43.5	57.8	60.9	53.1	54.4	46.9	51.5	0.0	49.7	58.8																										
48.9	60.4	48.4	48.2	50.7	59.1	46.7	44.0	49.7	59.0	60.3	48.6	43.3	0.0	56.6																										
45.1	51.8	45.3	58.3	50.8	60.4	44.0	42.0	52.3	45.7	51.0	54.4	51.2	53.7	0.0																										
0.0	42.3	58.9	42.2	58.7	54.6	42.1	45.8	53.8	57.6	57.8	46.7	50.1	44.8	48.5																										
45.6	0.0	57.6	60.7	49.9	50.1	47.1	44.8	51.4	55.4	58.5	53.6	59.8	42.5	47.9																										
57.2	42.4	0.0	51.7	45.8	51.6	51.1	50.3	45.8	54.9	45.3	53.3	53.6	43.7	56.2																										
57.5	49.6	58.2	0.0	45.6	55.5	45.7	51.9	56.4	55.2	47.9	42.5	59.9	46.2	60.4																										
57.9	56.4	56.6	50.7	0.0	50.0	60.4	53.3	41.7	48.2	46.5	50.3	47.4	58.2	55.1																										
44.9	57.5	56.7	58.1	48.0	0.0	56.0	59.4	55.4	51.9	50.9	57.0	59.0	59.0	55.4																										
54.3	41.2	53.6	46.6	44.1	45.0	0.0	41.6	49.2	45.1	50.6	45.9	54.3	58.2	60.5																										
52.0	49.8	47.7	45.9	57.6	51.8	56.9	0.0	43.2	59.5	56.0	47.1	57.2	41.1	55.3																										
56.2	51.2	41.8	52.1	58.3	50.8	50.9	56.0	0.0	50.2	44.2	42.2	46.3	41.5	42.6																										
58.9	41.9	45.1	57.7	53.4	42.4	54.3	50.0	51.6	0.0	43.2	60.5	59.1	41.4	41.6																										
53.6	45.6	45.6	47.6	52.4	46.9	52.4	53.4	58.5	45.7	0.0	57.3	56.0	48.4	48.4																										
60.5	45.1	45.3	50.7	48.4	60.4	42.4	49.6	60.7	53.0	44.0	0.0	43.3	47.6	47.0																										
41.5	44.1	50.3	49.7	57.2	45.0	55.2	51.0	41.2	59.3	50.8	49.8	0.0	41.8	51.7																										
41.7	59.5	54.5	49.3	45.7	58.1	53.3	51.9	58.8	58.0	49.7	52.4	51.5	0.0	52.6																										
53.3	52.7	58.2	48.2	54.0	58.8	54.3	56.4	52.7	56.6	58.9	44.0	55.1	45.5	0.0																										
0.0	51.3	54.3	52.9	43.3	46.7	52.6	57.8	51.5	59.0	50.5	54.0	52.9	58.0	56.6																										
41.4	0.0	45.2	50.3	55.1	50.9	44.0	42.5	53.3	57.3	45.4	44.1	55.7	55.7	58.3																										
54.8	55.4	0.0	43.6	53.0	46.9	49.0	41.8	46.1	44.5	58.0	51.4	50.3	53.1	50.3																										
55.7	41.2	52.5	0.0	49.1	54.0	47.6	56.1	49.8	51.3	49.2	60.6	57.0	53.0	59.2																										
59.9	51.3	45.2	49.5	0.0	49.6	53.8	55.8	51.6	48.9	49.9	48.1	52.9	47.2	56.6																										
60.9	47.7	46.4	58.0	50.6	0.0	46.4	53.1	42.4	60.2	54.0	42.4	48.8	60.0	59.9																										
56.8	44.9	41.8	57.1	47.3	43.2	0.0	50.8	47.0	53.2	54.2	51.7	45.6	51.3	42.2																										
60.0	50.3	50.5	41.2	52.5	48.5	44.8	0.0	51.1	55.5	50.4	46.2	43.2	59.7	56.6																										
47.5	58.7	49.8	48.8	60.4	55.7	53.0	46.5	0.0	42.5	54.0	52.2	49.2	42.6	56.5																										
57.2	43.0	55.2	42.1	41.4	46.7	42.9	54.4	46.5	0.0	55.9	44.7	41.3	57.8	57.8																										
46.5	56.1	53.0	58.6	51.9	60.4	50.6	57.1	59.1	48.4	0.0	56.4	46.6	44.0	50.5																										
54.4	57.4	45.4	55.2	46.9	60.6	59.6	55.8	60.3	51.3	56.9	0.0	57.7	54.2	50.3																										
44.9	58.3	54.2	41.3	59.6	57.9	46.6	60.8	58.1	50.0	52.9	59.2	0.0	47.6	48.0																										
56.8	57.9	52.7	54.4	52.7	50.6	57.2	57.0	58.7	47.7	42.8	59.7	54.2	0.0	50.0																										
44.4	56.2	43.8	57.7	42.2	56.8	56.0	47.1	44.6	44.2	41.7	57.1	58.8	53.5	0.0																										
0.0	52.2	51.7	47.2	47.8	60.5	47.4	49.1	44.7	50.6	53.0	45.4	45.7	44.3	44.0																										
47.9	0.0	56.0	47.5	50.7	43.6	45.2	49.5	52.1	48.0	44.2	51.4	54.1	47.7	44.1																										
43.4	56.0	0.0	51.2	47.9	55.2	60.1	52.9	50.8	44.0	54.6	42.6	51.0	58.0	59.7																										
56.0	44.6	51.4	0.0	52.3	53.1	52.0	57.4	51.6	47.5	54.8	59.5	44.0	58.5	48.2																										
57.6	54.1	41.3	46.7	0.0	50.4	53.1	49.4	55.6	56.2	60.5	54.7	48.7	57.3	45.1																										
50.9	55.2	59.4	50.3	56.7	0.0	55.5	59.5	42.4	49.7	57.1	55.7	42.9	56.5	56.0																										
44.4	50.4	56.6	56.8	55.3	56.2	0.0	57.3	53.3	55.6	45.8	43.5	46.0	60.6	43.8																										
52.7	52.3	49.3	48.2	47.1	45.2	53.3	0.0	49.9	59.5	49.7	57.3	46.7	50.4	56.8																										
58.2	46.0	57.4	45.0	59.9	56.4	55.2	55.2	0.0	54.8	45.3	52.1	43.8	50.4	58.2																										
55.9	57.5	58.5	41.6	50.8	43.0	52.5	51.0	51.5	0.0	49.7	59.8	58.1	53.3	50.0																										
60.4	43.8	48.9	49.0	54.0	46.9	56.5	57.2	52.3	48.4	0.0	43.2	60.0	56.6	45.2																										
50.8	48.8	53.0	51.7	52.9	54.5	57.2	54.1	57.6	43.3	48.4	0.0	45.8	44.7	52.7																										
45.0	57.3	56.1	46.5	56.7	50.1	58.7	50.0	47.6	59.4	41.1	50.5	0.0	58.7	45.0																										
55.4	41.7	52.8	51.1	57.4	58.5	49.5	56.9	51.0	53.7	43.3	56.0	55.9	0.0	49.3																										
42.4	48.7	60.9	46.1	50.7	43.3	44.5	43.3	48.7	41.6	52.7	49.5	53.7	57.6	0.0																										
0.0	47.7	58.4	42.7	41.1	58.8	53.9	46.4	41.4	43.3	59.2	55.4	42.6	44.1	58.6																										
47.6	0.0	49.9	54.7	47.1	46.8	45.4	60.0	41.1	53.7	58.1	54.9	44.2	55.3	51.0																										
51.4	48.2	0.0	44.3	45.6	58.8	43.2	41.7	42.9	57.5	50.3	41.6	51.1	60.5	53.4																										
41.4	49.4	48.4	0.0	48.1	60.6	46.0	43.7	42.3	44.4	50.8	51.5	43.2	53.2	50.3																										
50.6	52.3	44.0	48.7	0.0	49.6	42.5	48.9	53.7	58.3	50.4	43.5	54.7	43.4	52.7																										
43.6	56.8	60.1	54.1	41.3	0.0	58.6	47.4	46.6	44.9	50.3	51.0	47.6	48.7	58.5																										
57.5	55.4	44.8	52.9	42.2	45.4	0.0	55.2	56.9	57.1	45.4	56.7	52.9	41.4	43.7																										
43.1	47.3	42.2	55.6	45.2	45.3	53.8	0.0	56.9	54.0	59.4	55.3	42.2	50.1	54.6																										
57.1	48.7	51.5	56.9	59.3	53.7	53.8	43.7	0.0	60.6	47.0	43.1	46.4	45.1	47.4																										
56.5	57.5	50.6	45.5	59.7	55.8	51.1	53.3	50.0	0.0	50.0	59.6	54.0	41.5	54.3																										
53.3	41.6	50.5	57.1	44.3	48.5	44.5	49.7	46.1	51.8	0.0	59.7	57.4	43.4	57.6																										
41.1	51.0	42.7	45.7	42.3	49.0	60.7	56.6	53.5	42.1	42.0	0.0	46.0	43.5	59.3																										
59.3	44.3	45.5	49.8	46.2	60.5	55.3	51.9	54.7	47.9	44.4	57.8	0.0	43.8	61.0																										
52.4	49.2	52.2	46.1	42.6	45.5	46.0	59.3	47.0	52.5	50.4	56.2	52.5	0.0	58.1																										
58.1	45.3	47.7	48.5	42.7	50.1	59.9	57.7	55.2	57.2	56.3	59.0	55.8	56.8	0.0																										
0.0	53.8	45.2	41.3	49.8	49.3	43.9	60.0	59.4	53.6	60.1	42.1	56.6	56.6	47.3																										
57.7	0.0	51.2	54.0	58.0	49.8	52.2	54.5	54.5	57.2	57.6	57.4	48.2	44.6	46.7																										
57.8	47.5	0.0	53.7	58.4	45.9	48.1	58.0	44.1	55.3	42.7	43.4	46.8	54.9	45.7																										
46.6	41.1	57.2	0.0	47.1	41.9	44.0	47.2	52.9	56.5	41.2	53.0	53.6	45.5	54.8																										
45.1	41.9	41.5	47.8	0.0	45.7	41.9	49.0	52.9	42.3	52.0	58.2	55.7	59.0	43.0																										
42.5	54.3	49.6	56.5	52.8	0.0	55.3	46.8	47.0	56.5	55.1	49.7	51.6	47.0	54.0																										
42.6	44.0	44.6	49.4	61.0	53.0	0.0	41.6	48.5	58.8	44.6	41.2	50.8	51.1	46.4																										
57.9	42.1	53.5	57.0	56.2	49.4	48.6	0.0	43.5	44.3	52.1	42.8	57.9	41.1	51.9																										
45.3	43.1	43.9	44.1	50.7	56.7	42.2	54.4	0.0	60.8	54.6	52.2	49.6	51.9	59.3																										
54.6	47.7	53.2	57.1	54.9	51.4	52.8	52.5	53.5	0.0	46.0	44.6	56.3	52.0	57.8																										
60.0	59.0	57.5	49.8	45.6	52.9	59.7	49.2	44.6	58.3	0.0	50.3	54.0	53.0	49.0																										
49.2	49.9	52.9	42.1	55.7	49.2	60.8	43.2	41.8	44.4	59.8	0.0	52.0	55.8	41.8																										
57.8	43.3	54.8	53.7	47.4	41.7	57.3	50.4	44.7	41.4	48.8	46.9	0.0	55.9	41.2																										
59.5	43.0	44.1	59.8	54.8	59.3	58.6	57.1	56.8	46.1	56.3	53.6	42.1	0.0	44.5																										
51.5	49.9	53.7	60.6	51.2	48.5	42.3	41.4	45.9	45.0	44.8	44.4	51.8	56.4	0.0																										
0.0	46.5	49.2	50.4	50.4	57.2	46.3	60.1	50.4	60.7	52.9	50.3	56.4	55.2	48.9																										
52.6	0.0	43.4	58.6	58.4	44.9	52.1	60.6	54.0	55.8	43.8	46.5	58.0	49.5	53.5																										
58.7	43.8	0.0	42.4	45.3	49.8	53.3	46.8	47.4	50.9	49.7	53.9	47.7	53.1	59.1																										
59.4	42.3	51.7	0.0	55.5	54.5	52.3	41.1	56.1	44.2	56.7	47.0	58.3	53.1	49.2																										
57.7	43.4	51.8	52.1	0.0	58.4	51.2	43.0	44.8	41.6	41.9	50.1	50.1	43.1	47.6																										
54.0	54.2	55.7	57.8	58.3	0.0	59.6	54.7	43.8	55.0	46.1	44.7	50.8	44.5	42.0																										
57.9	53.0	59.2	43.5	59.6	60.7	0.0	60.1	50.8	47.4	58.3	55.9	41.3	53.5	50.6																										
54.3	55.8	41.1	57.0	52.2	50.4	43.1	0.0	50.1	53.2	50.5	48.6	50.3	51.3	41.7																										
50.8	50.6	45.7	43.8	54.7	44.2	53.1	55.9	0.0	42.6	43.4	51.8	43.7	54.5	44.1																										
41.1	59.0	52.3	52.6	55.0	48.6	50.4	49.7	51.2	0.0	56.1	48.4	51.6	56.9	58.9																										
41.9	44.7	57.5	42.9	54.7	52.1	55.6	46.1	47.1	58.5	0.0	47.5	43.5	50.0	41.4																										
43.4	44.9	51.8	60.9	53.5	48.2	56.4	48.2	45.3	58.0	57.2	0.0	58.5	58.3	54.4																										
55.0	54.1	51.5	44.1	47.9	53.8	59.8	43.8	52.7	47.1	60.6	48.3	0.0	54.7	48.8																										
53.2	56.9	41.7	51.9	43.1	50.9	58.2	58.9	45.1	51.0	50.1	57.7	50.4	0.0	51.6																										
52.8	49.2	59.3	51.0	47.2	50.9	48.0	59.9	60.2	46.1	46.2	48.7	46.3	46.1	0.0																										
0.0	60.4	60.9	51.1	59.7	42.1	49.4	57.2	60.2	55.1	45.9	60.5	45.0	58.8	50.6																										
59.3	0.0	44.0	47.7	57.5	42.2	51.4	56.0	42.6	54.3	49.8	49.5	43.0	59.1	59.8																										
49.9	46.3	0.0	59.4	44.1	53.3	45.1	47.4	54.4	53.4	55.0	46.4	45.2	47.2	51.2																										
52.2	43.3	41.5	0.0	48.5	48.4	59.9	59.7	51.7	47.8	50.3	52.9	46.1	47.6	42.0																										
49.3	59.4	58.0	45.4	0.0	42.9	50.8	45.3	46.1	43.3	57.2	45.4	54.1	53.5	58.8																										
58.2	43.6	60.7	56.7	51.0	0.0	46.4	54.8	55.6	49.7	55.8	48.6	54.5	41.6	60.2																										
52.6	58.1	44.6	42.7	59.4	52.8	0.0	57.8	54.9	59.0	43.6	53.5	47.1	48.9	47.4																										
45.3	48.3	54.0	49.7	60.2	49.8	43.3	0.0	42.4	58.7	45.9	60.8	50.0	60.3	49.8																										
51.1	49.9	44.0	56.3	53.4	56.2	54.0	57.3	0.0	49.9	47.7	47.8	57.0	53.1	56.2																										
60.9	49.5	49.8	44.2	57.7	51.8	49.9	44.2	51.4	0.0	56.1	57.0	42.1	50.2	51.2																										
50.8	43.5	50.2	49.5	49.1	55.8	48.5	60.4	55.5	44.3	0.0	55.3	56.1	41.2	56.7																										
56.3	47.6	51.4	44.4	44.0	55.4	46.9	54.5	45.2	55.4	50.9	0.0	42.8	54.0	58.2																										
48.2	53.5	51.5	49.8	42.7	48.9	55.6	60.1	44.8	46.1	58.0	56.5	0.0	49.0	56.0																										
55.9	46.2	53.1	49.0	49.0	48.3	51.2	49.0	51.3	58.1	43.0	55.1	60.7	0.0	59.8																										
53.0	50.6	43.5	45.9	44.5	51.1	56.8	49.2	53.6	43.6	60.7	48.5	55.6	58.8	0.0																										
0.0	43.2	56.4	47.2	53.0	47.9	46.6	54.7	52.7	44.9	54.5	53.5	50.0	45.0	45.9																										
41.4	0.0	60.2	51.4	57.5	48.0	60.3	47.8	56.9	59.0	58.5	43.0	41.7	53.3	43.1																										
60.3	51.8	0.0	46.3	51.4	58.0	48.9	60.0	53.1	57.5	47.3	57.5	56.4	49.2	50.5																										
47.2	46.2	48.4	0.0	49.7	46.0	50.9	57.9	52.8	51.5	51.5	41.9	56.1	45.1	47.8																										
56.9	47.6	58.1	52.0	0.0	45.2	51.8	51.8	41.2	50.3	49.4	54.4	45.3	43.9	42.6																										
54.5	49.2	42.0	50.8	49.0	0.0	59.0	59.7	56.4	46.8	53.7	60.8	41.2	47.0	48.1																										
55.7	55.1	48.5	51.8	48.3	59.9	0.0	47.9	46.8	58.8	46.1	51.7	55.7	50.2	53.7																										
58.1	44.0	50.4	50.7	52.3	52.0	45.3	0.0	53.6	53.4	43.3	49.5	52.7	41.6	56.8																										
57.1	42.6	42.1	42.2	41.9	46.9	44.5	54.1	0.0	48.9	57.2	46.2	49.5	47.2	45.6																										
58.3	54.1	42.8	57.0	50.8	53.4	51.7	42.8	52.5	0.0	50.3	50.4	50.4	43.0	51.5																										
55.3	49.9	42.9	59.5	50.3	55.0	49.6	55.4	49.9	41.7	0.0	52.2	42.3	53.4	54.7																										
56.5	58.7	57.5	59.3	58.4	43.0	42.3	53.5	44.5	57.2	45.6	0.0	46.5	58.2	60.5																										
56.8	60.7	56.2	59.2	58.3	58.6	56.1	58.8	53.1	48.2	58.8	46.6	0.0	52.3	55.8																										
57.0	41.8	51.9	44.6	49.2	41.1	43.3	43.7	48.1	49.7	56.9	54.7	57.3	0.0	47.3																										
49.3	42.2	55.5	49.9	53.8	48.2	41.5	59.1	49.7	51.0	48.9	56.9	47.8	49.6	0.0																										
0.0	41.6	46.7	47.1	54.9	58.4	57.0	50.4	47.4	49.1	42.2	49.2	50.5	55.7	58.8																										
54.3	0.0	42.0	57.0	51.4	57.4	41.4	41.2	43.0	60.1	52.1	52.8	47.5	57.6	61.0																										
47.0	44.6	0.0	55.9	52.6	52.7	57.7	49.5	46.7	55.4	54.1	42.0	49.5	47.9	59.9																										
53.6	58.4	47.8	0.0	46.2	52.0	50.6	47.7	60.9	54.8	42.6	59.4	55.3	56.9	60.6																										
45.2	47.0	45.2	55.1	0.0	42.9	46.3	55.0	44.8	41.1	42.8	53.9	46.7	50.1	53.2																										
49.3	46.7	56.6	44.9	49.0	0.0	57.0	60.6	56.6	58.5	53.5	41.6	46.7	55.6	46.3																										
59.7	42.4	53.0	46.0	57.7	58.5	0.0	58.9	51.8	59.7	43.7	57.5	54.7	43.4	54.0																										
57.1	56.2	58.7	59.5	57.3	46.4	56.1	0.0	44.0	52.5	52.5	44.8	51.8	49.4	59.5																										
47.0	48.8	42.5	49.6	53.5	57.4	44.9	50.2	0.0	56.7	44.0	50.5	49.0	54.1	41.3																										
51.0	53.1	43.5	59.9	50.4	46.8	53.5	53.1	57.4	0.0	51.0	48.2	49.8	43.4	48.5																										
44.8	54.9	49.6	45.3	42.5	52.3	51.5	42.5	50.2	51.4	0.0	55.2	58.0	58.3	59.2																										
50.1	49.1	57.6	52.0	55.9	52.6	57.7	43.0	43.9	52.6	58.7	0.0	41.1	60.9	46.7																										
53.3	42.0	45.5	50.2	51.0	56.4	41.6	50.6	50.1	49.6	42.9	43.8	0.0	45.2	53.8																										
45.9	53.6	53.4	53.6	46.9	53.2	43.6	55.2	59.5	45.5	49.9	46.2	60.2	0.0	50.8																										
44.9	45.0	47.7	41.0	43.5	47.6	44.3	52.5	56.6	53.8	60.6	51.0	44.4	58.4	0.0																										
0.0	53.4	42.3	49.8	55.4	42.1	59.0	58.4	51.9	51.6	55.7	54.0	47.1	41.6	44.4																										
52.1	0.0	59.9	44.0	58.6	46.2	53.9	46.3	42.5	59.5	51.4	53.9	55.7	41.6	56.5																										
54.1	49.0	0.0	42.3	51.8	60.8	52.2	46.3	41.4	53.7	47.7	44.6	50.1	59.2	54.2																										
60.9	42.1	55.0	0.0	57.3	48.2	42.9	50.1	43.8	41.5	54.3	58.3	59.8	53.4	49.2																										
47.3	60.8	60.7	51.4	0.0	54.8	42.2	56.5	59.7	55.4	57.1	49.9	44.5	42.0	51.4																										
55.3	53.6	45.5	61.0	55.5	0.0	57.4	57.2	41.3	45.5	56.7	56.0	58.7	47.7	45.9																										
45.1	42.3	60.9	49.4	52.6	47.0	0.0	58.2	47.2	58.8	43.6	41.1	45.7	42.1	56.8																										
60.0	60.3	49.6	45.5	48.4	54.7	54.8	0.0	53.4	59.3	51.6	48.0	56.1	46.3	59.2																										
60.5	57.0	45.1	56.2	51.2	58.3	59.0	59.3	0.0	56.0	55.4	42.8	51.1	47.3	50.1																										
46.8	41.1	43.3	43.1	50.9	51.6	44.5	49.6	50.4	0.0	47.8	53.3	49.3	58.4	59.6																										
47.5	59.5	59.1	60.4	42.1	59.0	47.6	57.3	56.7	51.1	0.0	50.4	52.0	58.2	55.0																										
44.9	45.4	59.6	56.9	50.5	54.4	44.9	60.2	51.9	53.0	45.5	0.0	60.5	53.8	49.6																										
51.2	43.2	48.2	56.4	46.9	60.0	53.9	44.6	60.5	56.3	58.8	45.7	0.0	46.0	41.5																										
46.1	51.9	47.4	49.4	45.8	54.8	43.0	57.5	43.5	44.3	51.3	57.8	50.4	0.0	60.9																										
55.1	44.2	54.5	60.3	60.1	56.1	43.8	50.5	54.5	49.1	53.7	53.9	52.6	60.6	0.0																										
0.0	47.7	45.5	50.9	50.5	43.8	59.8	56.2	45.2	48.1	52.5	60.6	48.6	41.8	60.3																										
49.3	0.0	48.9	52.3	54.8	51.7	57.3	56.2	54.5	56.9	53.1	42.5	58.2	53.5	45.5																										
48.5	54.4	0.0	41.9	55.2	46.6	46.9	42.7	51.8	53.4	47.1	48.7	58.2	47.7	46.5																										
41.7	58.0	41.2	0.0	56.4	49.5	46.9	45.2	50.1	47.2	42.2	43.9	45.2	52.7	42.9																										
48.7	56.0	43.8	41.5	0.0	53.6	58.8	47.8	42.6	48.2	43.8	54.3	55.1	57.3	43.3																										
46.4	48.4	49.0	49.3	44.0	0.0	57.3	56.4	50.8	44.7	51.8	60.4	45.1	55.4	48.2																										
49.2	50.7	58.1	53.5	54.3	48.8	0.0	44.6	55.9	56.7	56.4	53.4	44.9	59.2	60.6																										
51.7	56.3	59.4	43.8	58.3	58.1	51.0	0.0	50.1	59.7	53.1	43.6	45.1	51.8	42.1																										
56.8	60.0	41.9	53.8	41.6	41.2	42.8	53.5	0.0	56.4	54.8	55.3	54.5	59.9	54.3																										
58.2	53.3	58.4	57.1	50.5	57.6	48.3	51.4	42.3	0.0	50.4	50.3	47.4	48.6	46.1																										
42.3	50.1	46.5	53.1	46.8	54.9	55.3	51.4	59.3	57.6	0.0	46.6	41.3	55.2	57.8																										
52.1	54.4	55.3	43.3	58.3	55.4	54.7	48.1	49.9	45.7	42.5	0.0	56.3	48.8	41.3																										
47.7	43.1	58.9	49.3	58.7	41.8	42.6	44.3	59.5	46.7	54.8	53.1	0.0	45.9	47.1																										
42.8	48.0	55.7	50.4	51.4	49.1	44.0	41.5	42.9	59.6	48.6	53.6	48.3	0.0	46.4																										
56.2	48.9	50.7	61.0	41.8	43.2	49.6	59.7	43.2	51.5	59.8	48.9	47.0	44.3	0.0																										
0.0	48.7	51.0	53.0	49.2	51.5	48.7	45.2	49.2	42.4	49.0	48.9	46.9	57.8	44.1																										
58.0	0.0	52.7	46.8	41.5	51.6	50.9	46.1	54.2	46.4	53.0	46.5	52.7	52.8	50.4																										
54.8	59.6	0.0	49.4	59.0	46.3	46.0	58.6	52.8	43.7	43.5	54.8	52.9	52.4	49.7																										
46.4	46.1	57.1	0.0	54.9	43.1	51.7	55.5	53.2	41.2	57.8	47.1	44.0	53.7	43.5																										
53.9	44.0	56.1	57.2	0.0	48.5	52.2	46.8	57.2	50.9	54.4	56.3	49.6	42.5	55.8																										
51.9	43.7	49.8	48.4	52.2	0.0	43.6	51.5	54.7	41.5	52.1	52.0	54.9	42.0	51.0																										
49.4	48.8	42.8	58.5	54.6	50.6	0.0	50.7	53.5	42.1	53.5	47.5	53.6	45.1	50.0																										
56.8	53.1	43.9	52.5	48.0	56.1	47.4	0.0	52.8	43.6	53.5	52.8	43.6	53.2	48.9																										
42.4	55.1	57.1	55.2	50.8	55.5	43.9	57.5	0.0	54.3	52.8	60.9	55.7	43.0	59.9																										
55.9	46.7	45.2	55.0	57.4	46.2	45.0	47.3	49.3	0.0	60.9	50.0	49.2	57.5	44.7																										
48.5	47.9	56.8	47.5	56.5	59.1	53.4	60.9	50.5	41.5	0.0	43.3	51.0	44.6	48.3																										
54.5	42.9	48.5	44.0	42.4	41.3	55.1	51.9	56.2	55.2	47.3	0.0	53.8	42.4	56.9																										
54.2	58.1	49.6	54.7	45.5	50.0	56.8	43.6	42.5	49.9	57.4	55.5	0.0	56.2	60.8																										
54.9	47.5	45.0	44.6	43.9	52.5	45.8	59.1	54.8	59.0	54.7	47.5	49.9	0.0	53.5																										
46.1	58.8	55.2	42.6	46.7	53.6	51.0	55.4	56.0	50.0	41.9	59.8	60.5	54.7	0.0																										
0.0	51.7	53.9	52.6	59.6	58.6	56.4	57.0	42.5	52.7	60.5	51.6	47.4	49.9	44.0																										
44.7	0.0	49.6	51.5	59.0	56.9	46.5	59.6	59.6	50.9	55.8	53.0	53.2	48.8	47.1																										
50.7	44.2	0.0	55.2	57.9	41.7	55.9	52.2	55.1	41.6	50.3	42.1	60.8	45.5	45.1																										
49.7	52.0	41.0	0.0	47.2	60.4	50.1	56.5	55.1	50.7	50.7	43.6	50.5	51.2	45.9																										
58.0	59.2	46.2	52.2	0.0	57.1	53.0	42.8	47.7	54.3	44.0	43.7	48.7	42.3	53.1																										
58.0	56.9	45.8	46.3	49.8	0.0	53.6	50.1	43.0	47.9	47.6	45.9	59.5	41.0	56.6																										
58.8	50.8	43.2	59.2	52.2	58.9	0.0	48.6	49.3	56.1	43.1	54.2	58.2	56.6	58.2																										
49.8	59.6	44.0	46.6	59.5	48.3	58.9	0.0	47.8	52.8	60.4	57.1	53.3	46.4	57.0																										
53.6	46.9	54.7	54.0	48.2	49.7	51.9	50.9	0.0	57.2	43.7	49.2	54.2	57.5	41.1																										
50.7	41.6	41.5	47.8	45.7	48.1	49.7	60.6	51.8	0.0	56.1	41.0	48.8	55.3	42.4																										
46.5	49.6	45.5	44.0	55.9	41.5	56.7	49.6	47.6	55.0	0.0	43.1	44.9	44.8	43.4																										
46.4	53.5	48.0	55.5	52.6	45.8	53.1	43.1	42.2	58.4	49.8	0.0	56.4	58.5	60.6																										
54.7	41.4	54.0	59.7	61.0	59.8	52.5	41.5	44.4	48.8	53.4	42.0	0.0	47.9	58.6																										
43.5	42.0	52.5	42.4	52.5	60.0	52.9	59.0	41.5	54.9	55.1	55.2	45.5	0.0	60.8																										
43.2	56.4	53.3	41.6	48.3	50.9	46.2	58.6	58.8	59.8	51.8	43.8	51.1	53.9	0.0																										
33600	33600	33600	33600	33600	33600	33600	33600	33600	33600	33600	33600	33600	33600	33600	33600	33600	33600	33600	33600
10																																								
6																																								
5																																								
6																																								
9																																								
6																																								
6																																								
8																																								
9																																								
7																																								
8																																								
7																																								
7																																								
8																																								
6																																								
9																																								
