109	106	125	129	157	153	156	185	176	190	197	214	206	222	242	234	272	279	282	287
88	119	135	125	126	144	159	163	175	181	204	212	216	233	242	260	252	270	287	277
99	104	113	128	157	152	170	182	197	192	199	225	199	229	242	255	256	269	284	282
102	99	111	123	139	143	166	174	174	196	198	216	221	243	218	260	263	269	288	281
79	106	122	132	141	157	162	178	200	199	192	222	227	222	228	242	262	277	278	281
91	93	122	139	143	133	141	169	183	178	201	210	223	250	244	247	252	274	289	276
114	125	117	128	146	155	138	157	179	187	201	220	212	239	255	251	246	259	286	291
95	101	123	109	156	154	158	172	188	169	205	209	223	247	261	249	256	257	283	286
98	121	145	130	134	154	159	186	181	174	199	211	208	229	236	246	266	259	290	291
91	107	113	120	130	150	166	178	177	175	209	196	226	237	240	242	266	276	279	269
27	37	38	39	41	50	48	51	54	59	56	64	62	69	69	75	86	76	85	85
29	37	34	40	43	38	50	49	53	53	58	60	64	65	68	71	76	81	88	87
26	34	37	41	40	46	45	50	56	56	60	64	60	69	73	72	81	85	90	90
30	26	34	41	45	44	45	51	52	56	63	63	65	68	71	76	77	83	82	83
33	29	36	39	44	48	48	53	52	53	64	65	67	65	73	71	77	82	87	86
34	32	34	42	41	51	52	45	54	59	67	67	64	73	71	69	83	81	85	87
27	36	40	37	43	39	50	48	51	52	58	67	66	69	73	76	77	77	80	88
26	35	36	36	47	49	46	52	52	61	67	64	70	70	72	76	83	80	84	84
29	31	36	42	45	47	51	46	54	60	60	58	66	68	71	73	81	85	82	85
30	34	41	40	44	47	48	51	55	54	61	63	66	69	74	76	74	83	76	93
2.68	2.24	3.39	3.11	3.37	2.51	3.31	3.06	2.93	2.73	3.26	2.97	2.68	2.96	3.30	2.34	2.01	2.47	3.17	2.08
2.11	2.38	2.48	3.06	2.01	2.49	2.71	3.46	2.84	2.64	2.29	2.83	2.19	2.91	2.36	2.48	3.03	2.98	2.12	2.05
3.44	2.11	2.73	2.36	2.39	2.73	2.48	3.37	2.15	2.08	2.04	2.14	2.73	2.99	3.17	2.39	3.48	2.16	3.49	2.01
3.23	3.21	2.47	2.93	3.34	2.85	2.49	2.96	2.29	3.36	2.83	2.56	3.37	3.14	2.97	2.78	2.94	3.46	3.27	2.64
2.31	2.41	3.02	2.73	2.89	3.45	3.44	2.98	2.90	2.43	2.41	2.86	2.28	2.49	2.85	2.38	2.58	2.12	2.56	3.24
3.47	2.83	2.24	3.00	2.48	3.07	2.51	2.84	3.02	3.33	3.14	2.43	3.20	2.59	2.13	2.41	2.08	3.01	3.23	3.17
2.92	2.90	2.24	2.09	2.43	2.73	2.13	2.32	2.01	2.89	2.20	2.98	2.99	3.41	3.05	2.60	3.19	3.24	2.05	2.93
3.17	2.79	3.10	2.33	3.37	2.28	2.63	2.92	2.49	2.54	2.30	2.96	2.11	3.29	2.53	2.84	2.33	2.96	2.93	2.77
2.48	3.13	3.46	2.83	3.29	2.67	3.43	3.21	2.80	2.46	3.49	2.86	2.45	3.18	2.40	2.26	2.10	2.79	2.17	2.07
3.27	2.03	3.32	2.51	2.92	3.19	2.20	2.96	2.32	2.35	2.14	2.12	3.13	2.63	2.58	3.11	2.77	2.33	2.45	2.06
2.31	2.94	2.46	2.02	2.97	1.42	2.94	2.99	1.31	2.98	1.41	2.01	1.31	1.56	1.17	1.20	2.76	1.13	2.83	2.76
1.28	2.44	1.55	2.70	1.10	1.44	2.72	2.65	1.86	1.74	1.35	1.04	1.22	2.13	2.81	2.76	1.65	2.81	1.74	1.75
2.02	1.68	2.40	1.63	1.74	1.49	1.32	2.67	1.79	1.94	2.12	2.32	1.71	2.99	2.86	1.48	1.77	2.94	2.61	2.94
1.66	1.12	2.98	2.40	1.07	1.22	2.21	2.95	2.65	2.61	2.07	2.60	2.55	1.33	1.41	1.20	2.73	2.74	1.19	1.07
1.32	1.04	1.71	1.70	1.01	2.05	2.15	2.13	2.07	1.57	2.85	1.71	1.98	2.46	1.76	1.11	1.36	1.91	1.10	1.40
1.47	2.03	1.76	1.06	1.07	2.22	2.43	2.49	1.48	2.68	1.83	1.23	1.52	2.42	1.97	1.74	1.37	1.87	2.98	2.08
1.86	2.91	2.71	1.35	1.34	2.85	1.54	1.06	2.90	1.17	2.99	1.46	2.46	1.64	2.36	2.83	2.57	3.00	2.43	2.61
1.19	2.31	1.19	1.42	2.94	1.06	2.14	2.11	1.89	2.77	1.30	2.88	1.27	2.51	2.65	2.65	1.63	2.27	1.49	1.72
1.08	1.57	1.78	1.99	1.54	2.32	2.86	2.05	2.01	2.23	1.03	1.87	1.86	2.12	2.94	1.82	2.51	1.83	2.77	1.65
2.72	1.44	2.80	1.24	2.93	1.69	1.56	2.76	1.51	2.46	2.98	2.76	2.80	1.26	2.45	1.46	1.68	2.87	2.65	2.18
20.04	10.49	10.97	20.00	23.75	22.99	20.24	13.21	13.97	18.58	18.51	17.47	22.08	12.70	13.13	22.77	20.55	14.36	13.58	19.09
11.64	11.24	24.83	13.84	19.76	12.29	11.71	24.23	24.30	23.30	23.80	11.30	18.01	19.29	23.01	18.04	11.88	16.81	23.31	13.43
18.72	16.77	11.06	12.73	12.31	10.25	21.08	22.04	23.01	11.81	23.34	17.13	18.73	10.04	20.11	24.54	12.44	20.88	16.03	22.66
11.22	20.77	12.34	16.83	17.80	14.85	20.60	14.42	10.01	16.11	18.48	15.53	18.97	11.00	22.63	15.46	14.14	24.32	17.92	16.97
18.53	16.69	22.35	21.84	15.63	24.18	23.59	11.56	18.95	14.43	23.82	14.23	17.44	23.88	22.12	11.37	21.47	19.20	22.65	15.37
23.45	11.15	20.25	15.51	12.15	17.21	20.52	10.50	11.46	18.95	15.84	24.75	13.88	19.41	22.06	16.07	12.96	12.97	14.02	18.79
24.75	22.88	14.74	19.09	23.79	20.67	20.08	13.23	10.95	20.24	24.97	16.34	14.73	22.77	23.90	19.10	14.69	21.87	24.21	17.92
24.44	12.94	21.75	14.00	14.25	21.45	20.16	15.78	24.48	19.11	14.76	16.78	24.36	20.68	19.14	19.01	21.87	20.89	11.44	21.48
20.91	20.05	11.09	23.99	13.31	14.39	24.51	17.34	23.11	24.25	18.37	21.94	24.62	16.02	19.56	20.12	13.80	24.41	16.87	13.93
20.22	16.28	10.12	14.73	11.95	20.37	17.37	20.92	20.38	16.29	23.72	12.47	19.84	18.51	11.78	12.98	24.14	14.46	12.78	24.95
14.36	8.38	5.87	12.85	10.46	7.52	12.68	7.63	11.85	11.15	12.91	6.13	7.39	11.68	10.28	14.71	10.78	8.58	10.35	14.49
9.15	5.30	7.13	14.13	9.00	6.69	14.02	13.41	14.75	12.89	7.25	7.43	12.99	6.76	8.01	14.02	9.94	10.89	6.22	7.31
6.76	6.00	7.12	13.74	8.26	10.96	7.53	6.78	12.09	8.50	13.20	14.74	8.74	14.22	9.96	10.38	13.62	9.13	5.55	7.41
13.58	7.02	6.74	12.84	8.33	13.22	12.45	13.26	5.60	6.88	14.32	7.69	12.45	11.29	7.68	12.45	12.59	12.58	5.45	11.97
13.10	6.43	13.76	11.56	11.28	5.51	6.00	12.94	13.98	6.82	10.90	7.85	8.41	6.91	13.44	5.89	13.36	10.02	8.52	9.17
14.54	13.65	5.83	7.89	7.54	14.09	12.01	6.08	8.05	6.03	6.27	7.85	8.53	7.37	8.66	14.83	11.22	5.04	9.60	8.49
8.72	10.41	12.77	9.18	11.80	7.24	11.15	9.71	11.68	11.65	9.19	14.54	12.69	14.22	5.94	14.74	10.72	11.61	13.76	14.54
9.29	5.72	11.10	11.44	9.10	13.33	14.85	12.15	7.70	14.36	14.90	7.82	13.85	12.87	14.48	11.17	14.36	5.25	9.95	5.26
10.86	10.23	7.17	5.68	14.82	12.78	14.82	5.28	12.30	8.82	9.23	5.04	7.98	5.38	12.23	10.78	5.30	10.16	6.90	9.90
12.87	14.71	6.89	7.68	12.34	6.28	5.55	5.30	12.04	11.58	10.02	12.66	11.74	11.53	11.47	8.81	9.45	8.31	14.14	6.17
24.80	15.01	22.50	23.60	20.48	20.61	15.75	24.43	16.73	21.10	17.78	22.31	23.65	18.49	21.51	17.13	23.62	21.06	23.51	17.15
21.35	16.70	18.71	15.60	16.30	16.11	22.70	17.21	19.69	23.01	21.13	22.18	21.61	15.77	19.19	17.04	22.92	19.13	22.07	22.90
19.42	22.19	19.29	17.40	16.13	18.80	22.71	20.15	22.82	24.17	22.89	20.19	22.20	17.62	24.95	20.95	19.94	22.97	20.60	24.69
18.62	22.88	15.36	21.15	22.91	20.92	21.38	21.98	17.02	23.31	16.01	22.20	16.08	18.41	19.97	23.29	15.39	16.37	23.37	21.32
19.12	19.52	24.02	21.50	21.28	17.86	23.85	18.33	16.39	21.42	24.91	24.01	21.33	23.39	21.19	16.29	24.49	24.04	17.50	23.74
23.59	20.57	24.54	22.32	19.54	17.15	18.36	18.93	23.04	17.40	23.74	23.11	22.16	18.60	17.71	20.55	19.51	15.37	21.04	16.04
19.56	17.00	19.89	15.82	16.29	23.18	24.11	16.90	22.07	21.80	16.27	22.86	23.21	20.07	21.51	23.49	19.98	24.49	18.48	20.34
17.28	24.66	24.14	24.23	19.99	17.84	15.03	19.16	23.41	24.03	16.41	24.83	18.64	21.11	17.04	22.77	24.74	20.32	19.00	21.96
20.43	18.05	15.05	20.33	23.89	18.08	24.29	24.71	20.73	18.15	18.86	23.34	15.71	23.41	22.11	20.04	22.92	24.51	23.14	17.91
19.98	15.69	19.06	15.57	23.81	16.43	16.01	15.63	19.35	20.36	15.45	20.03	17.80	21.31	24.65	19.42	21.14	22.98	24.34	16.25
0.00	90.35	90.24	85.97	97.34	89.86	77.46	72.24	63.53	58.20										
91.88	0.00	88.35	74.52	58.78	81.06	66.73	87.61	74.75	80.08										
66.56	83.78	0.00	75.11	83.31	66.38	70.29	94.36	94.26	87.26										
62.65	57.92	58.00	0.00	62.80	81.76	56.54	81.70	62.57	75.65										
80.46	96.23	68.31	55.95	0.00	91.88	94.14	56.27	73.45	72.48										
89.89	82.86	75.27	85.88	67.97	0.00	84.58	83.41	65.33	89.37										
68.16	81.33	56.01	82.84	79.65	57.64	0.00	90.52	58.48	75.57										
64.88	64.79	98.42	61.98	67.78	98.90	61.16	0.00	68.99	99.94										
68.15	65.91	75.52	81.04	97.43	56.49	80.74	84.39	0.00	77.34										
85.08	82.64	68.72	82.58	64.68	62.61	78.12	64.50	64.23	0.00										
0.00	94.89	60.63	94.94	80.60	73.93	68.88	59.39	84.49	64.28										
97.19	0.00	77.69	62.35	93.34	70.48	76.01	59.66	88.53	63.30										
79.79	67.81	0.00	92.69	59.96	99.58	74.92	66.80	80.36	76.37										
92.34	88.54	64.51	0.00	71.69	61.09	94.03	65.15	75.44	81.87										
60.42	73.64	64.52	71.28	0.00	67.11	66.48	92.34	55.42	99.02										
64.76	89.02	88.44	97.74	93.18	0.00	89.76	63.52	81.88	89.66										
71.95	75.48	77.76	78.56	90.51	55.80	0.00	61.24	80.58	87.24										
88.52	98.04	91.20	70.41	94.30	68.06	56.28	0.00	68.64	94.25										
61.41	84.68	91.70	61.39	97.36	88.25	73.42	64.64	0.00	68.55										
92.16	86.44	96.27	69.99	92.71	74.14	78.29	91.36	69.24	0.00										
0.00	72.11	96.03	75.97	57.64	65.61	72.62	89.96	57.88	76.47										
84.23	0.00	62.17	71.57	60.45	95.80	96.76	56.70	80.50	66.67										
62.26	83.47	0.00	90.38	92.10	76.55	68.50	74.77	59.54	87.54										
88.61	67.99	72.57	0.00	57.53	65.75	66.86	92.84	75.69	55.05										
92.01	68.96	96.12	93.19	0.00	85.80	73.83	92.85	70.24	90.23										
59.81	86.20	71.25	82.61	65.42	0.00	62.64	65.64	88.62	69.75										
84.85	82.18	96.46	78.44	81.99	89.14	0.00	86.39	87.70	66.67										
56.25	72.38	92.82	98.24	78.07	58.94	62.57	0.00	97.55	60.03										
86.78	80.60	72.40	97.41	78.65	85.76	87.90	82.13	0.00	69.56										
65.41	62.67	73.22	96.90	89.83	65.04	96.41	56.87	63.73	0.00										
0.00	91.24	63.41	93.62	98.20	66.75	82.48	78.74	98.17	96.45										
78.79	0.00	79.06	99.25	81.39	99.31	74.95	73.80	93.11	65.14										
59.24	79.13	0.00	68.37	74.40	98.85	55.00	81.38	80.88	63.08										
67.01	81.84	99.38	0.00	89.07	97.34	96.21	72.67	79.65	90.88										
90.75	75.27	92.91	94.59	0.00	79.22	73.04	97.40	84.43	67.91										
59.52	97.90	66.07	62.83	88.87	0.00	57.64	84.99	94.97	73.86										
87.90	56.61	90.95	99.96	92.71	77.37	0.00	94.94	68.39	72.97										
72.77	77.85	98.33	76.64	83.95	81.86	61.86	0.00	58.03	91.15										
71.97	78.83	99.46	72.53	58.73	85.67	76.12	87.91	0.00	85.03										
58.67	59.11	67.89	78.18	70.90	92.81	79.60	55.39	83.65	0.00										
0.00	67.09	68.08	77.61	97.78	71.96	76.44	91.88	97.37	61.29										
85.79	0.00	59.75	84.55	70.80	99.30	70.94	98.18	55.78	64.06										
99.68	62.38	0.00	87.73	78.02	56.39	80.39	88.22	95.28	61.97										
59.63	67.07	92.62	0.00	62.92	84.18	60.74	64.98	85.92	69.08										
83.08	90.47	71.46	75.89	0.00	63.41	98.16	66.99	56.62	59.06										
72.61	73.62	77.55	89.79	64.92	0.00	84.73	71.04	87.44	81.90										
55.87	95.27	79.26	72.75	80.94	77.31	0.00	59.01	70.12	95.00										
58.78	67.58	89.57	58.27	69.91	96.87	92.00	0.00	92.23	99.26										
93.92	76.06	58.81	98.92	73.35	66.96	71.43	55.50	0.00	88.66										
97.38	91.02	55.10	80.61	93.44	97.54	91.16	89.32	79.75	0.00										
0.00	85.62	95.28	59.03	88.20	77.53	81.04	99.34	81.95	98.85										
77.15	0.00	60.03	81.48	73.87	63.54	69.76	79.22	92.07	69.01										
93.01	76.10	0.00	78.42	65.40	74.71	65.23	57.51	61.58	99.77										
71.66	57.80	75.82	0.00	87.80	67.14	76.23	72.83	90.20	90.32										
94.17	93.99	78.46	65.21	0.00	96.79	90.22	60.15	73.53	65.63										
58.80	71.76	83.07	83.86	92.06	0.00	79.44	98.24	69.19	94.76										
74.46	93.17	75.08	62.50	59.17	61.91	0.00	99.88	74.05	97.01										
81.36	99.34	71.88	56.19	94.16	83.01	84.48	0.00	56.99	80.88										
98.00	59.33	76.98	97.38	74.26	89.24	57.59	93.71	0.00	98.26										
65.15	60.64	70.88	90.29	88.75	57.57	63.01	80.98	80.89	0.00										
0.00	83.05	70.70	94.53	77.20	94.65	97.65	88.94	83.93	60.66										
85.63	0.00	92.29	70.94	58.85	76.95	67.29	97.11	94.13	92.59										
91.23	76.34	0.00	58.43	79.93	65.43	64.56	60.25	65.05	72.23										
82.77	55.42	87.89	0.00	69.67	94.24	68.07	84.31	58.99	96.28										
84.73	87.43	69.71	60.42	0.00	56.15	82.80	94.95	92.37	91.26										
63.26	65.15	79.97	79.43	80.15	0.00	96.70	69.79	78.10	76.20										
92.37	86.18	96.03	96.08	96.40	96.60	0.00	64.29	91.27	59.35										
66.47	80.00	81.00	64.34	78.76	65.39	55.90	0.00	80.75	73.53										
56.14	61.46	67.44	56.35	84.21	58.81	74.61	56.61	0.00	97.94										
56.74	93.70	79.23	87.05	60.39	98.78	68.37	55.66	74.46	0.00										
0.00	95.61	88.49	65.16	57.76	82.41	82.50	95.11	69.43	81.52										
77.80	0.00	59.75	69.99	59.76	95.95	86.98	67.32	92.83	84.96										
91.01	76.92	0.00	55.22	99.69	85.66	57.96	63.39	65.90	82.38										
96.34	79.31	70.28	0.00	59.58	61.30	76.77	75.49	62.08	98.04										
77.27	89.14	85.88	56.27	0.00	63.74	57.79	98.51	81.11	84.16										
91.44	58.10	97.43	99.81	61.65	0.00	74.61	57.11	90.63	86.40										
80.23	62.96	79.42	61.45	63.33	56.29	0.00	83.06	89.78	68.90										
71.42	96.46	83.51	73.08	95.29	73.40	82.07	0.00	78.26	60.27										
75.03	85.38	96.91	76.24	96.87	59.76	73.80	94.44	0.00	94.12										
57.18	95.32	94.84	89.51	60.89	59.37	57.74	97.13	61.06	0.00										
0.00	85.35	70.01	64.51	57.70	82.22	59.57	90.92	77.55	69.80										
85.16	0.00	76.50	71.60	82.91	69.59	86.37	78.16	98.54	59.43										
61.79	64.70	0.00	89.35	89.30	99.14	59.32	64.50	98.67	72.51										
57.39	61.25	66.80	0.00	55.14	64.11	71.21	96.29	91.04	72.60										
96.47	68.17	82.38	94.07	0.00	97.67	59.52	75.72	91.02	84.57										
62.30	79.58	90.42	93.32	56.08	0.00	68.50	90.15	97.87	89.40										
62.22	57.15	71.58	90.10	83.13	65.42	0.00	80.46	75.92	81.64										
61.85	80.52	63.81	80.45	61.41	59.52	96.29	0.00	57.83	72.63										
84.74	74.18	64.97	85.34	55.59	76.84	87.75	90.61	0.00	55.14										
56.22	78.84	86.36	56.05	76.27	61.68	70.15	72.83	55.95	0.00										
0.00	95.40	85.63	61.41	63.45	81.13	97.71	84.92	80.83	75.64										
77.85	0.00	57.00	83.80	62.82	72.06	65.81	94.81	65.90	76.65										
88.94	62.50	0.00	91.18	64.62	79.27	68.14	80.47	94.89	59.04										
69.73	79.57	94.08	0.00	86.95	67.55	95.98	79.16	69.15	84.33										
98.14	90.79	79.33	70.56	0.00	80.98	69.47	69.86	95.25	70.38										
58.56	89.63	65.40	82.04	60.59	0.00	96.21	96.52	98.46	83.54										
67.74	69.43	67.53	66.19	91.86	65.05	0.00	96.27	58.70	83.80										
93.00	64.64	62.04	75.33	71.65	81.84	73.20	0.00	63.89	83.21										
61.51	81.75	97.97	95.75	99.65	93.26	70.36	57.88	0.00	67.41										
75.13	84.03	91.78	70.34	80.77	84.05	83.22	72.47	75.01	0.00										
0.00	55.69	75.69	73.76	70.45	88.59	68.08	97.85	78.50	78.11										
82.77	0.00	97.57	77.23	63.19	95.61	65.00	86.34	87.57	68.58										
87.06	71.36	0.00	90.57	96.65	92.11	84.43	68.73	83.05	79.15										
71.03	73.60	80.54	0.00	64.11	74.48	67.84	99.52	87.81	88.32										
68.64	63.72	91.83	62.64	0.00	87.91	68.80	82.57	66.63	87.96										
81.99	75.17	68.27	98.34	81.70	0.00	71.97	98.02	62.63	82.83										
76.02	78.89	83.54	70.42	71.33	84.51	0.00	91.70	87.40	91.86										
62.83	56.91	97.23	82.28	90.49	66.88	69.76	0.00	69.61	74.88										
96.43	56.65	76.78	60.82	96.25	94.47	81.27	78.83	0.00	88.44										
95.72	85.26	87.09	75.59	91.72	75.95	70.59	93.96	64.76	0.00										
0.00	76.86	79.22	97.48	74.47	61.23	83.98	79.12	65.51	69.40										
64.70	0.00	86.17	89.13	89.79	64.02	79.72	90.98	95.80	55.25										
55.10	74.07	0.00	59.72	77.59	99.26	77.79	94.12	99.97	97.51										
70.05	65.24	86.55	0.00	81.98	82.52	65.89	68.06	61.80	66.79										
99.31	84.08	70.99	90.95	0.00	97.07	73.14	60.27	95.04	76.66										
55.27	64.27	71.10	90.02	80.20	0.00	93.20	67.21	85.37	56.42										
67.75	95.94	79.37	68.56	86.08	63.69	0.00	61.43	99.96	55.62										
90.29	63.34	63.77	92.23	86.41	68.32	55.85	0.00	86.29	97.71										
69.31	79.30	66.14	67.87	58.65	85.40	70.23	66.28	0.00	57.91										
95.13	69.51	74.09	87.93	55.57	70.86	90.76	74.30	84.11	0.00										
0.00	84.99	71.09	60.80	76.65	57.75	59.83	58.90	89.45	62.18										
93.30	0.00	76.18	75.01	60.61	71.56	76.49	94.98	93.59	90.11										
74.43	81.84	0.00	83.11	98.97	89.55	90.84	89.22	92.05	96.44										
97.03	84.44	90.82	0.00	95.22	92.18	90.33	63.04	87.43	76.13										
87.97	83.84	67.35	57.06	0.00	59.76	79.65	70.50	80.82	68.61										
72.29	69.54	66.36	80.71	91.86	0.00	56.17	99.51	92.36	58.14										
91.72	64.92	62.87	74.55	76.47	63.30	0.00	71.38	66.98	63.12										
98.67	84.12	76.91	61.08	93.25	58.19	73.12	0.00	85.64	72.65										
67.77	90.29	59.03	84.01	85.84	97.91	74.86	73.91	0.00	77.30										
56.97	66.71	58.36	87.58	69.31	68.21	93.22	61.82	66.23	0.00										
0.00	66.37	79.72	88.48	97.41	67.83	92.40	89.35	71.82	67.86										
73.70	0.00	96.20	70.83	98.12	96.15	99.72	63.31	69.53	99.02										
81.29	62.19	0.00	59.61	77.13	70.78	84.75	93.60	82.07	83.47										
69.04	96.47	58.68	0.00	55.40	71.96	94.00	85.90	58.16	65.62										
79.42	77.52	95.18	71.32	0.00	81.26	98.56	91.11	97.44	84.74										
93.82	83.93	56.34	83.72	92.50	0.00	62.41	73.26	97.52	71.67										
99.17	82.34	67.01	88.67	81.62	58.80	0.00	88.56	70.68	85.81										
87.99	88.90	94.64	98.82	78.76	63.96	65.12	0.00	89.52	95.14										
85.20	71.09	85.30	78.40	62.13	64.32	59.90	68.23	0.00	70.75										
57.06	89.25	82.25	95.34	93.42	55.03	93.98	58.71	62.01	0.00										
0.00	57.89	56.04	64.27	78.29	98.53	90.23	82.68	82.13	78.75										
82.00	0.00	60.00	62.37	65.44	86.10	83.66	89.58	81.27	98.85										
95.62	97.73	0.00	61.14	72.18	95.41	63.41	79.17	95.06	56.98										
60.02	76.07	78.96	0.00	83.96	64.21	87.20	83.63	59.33	62.64										
96.82	93.08	86.25	85.42	0.00	57.54	83.60	75.61	97.13	86.53										
79.58	65.06	85.89	95.44	77.79	0.00	56.00	83.17	97.17	96.79										
93.47	76.14	56.68	89.43	75.62	76.26	0.00	58.09	99.06	82.20										
97.71	55.35	68.41	84.05	64.13	87.15	57.31	0.00	88.05	90.65										
98.68	63.76	60.15	70.27	99.13	65.45	61.42	78.69	0.00	81.42										
70.78	69.17	64.46	97.54	66.97	99.43	95.73	90.02	59.83	0.00										
0.00	93.90	95.96	82.23	68.85	63.74	93.08	66.70	64.04	99.34										
60.48	0.00	88.15	82.31	64.76	58.67	72.46	73.35	87.10	64.54										
58.40	88.06	0.00	68.65	68.17	98.85	84.29	93.54	56.62	72.95										
73.48	74.98	95.18	0.00	85.84	96.94	57.85	90.22	69.59	55.17										
62.53	68.08	56.20	93.82	0.00	74.25	68.54	90.06	55.82	63.54										
76.80	58.45	90.63	69.12	79.63	0.00	65.99	79.49	61.40	55.46										
60.94	99.94	84.90	99.43	66.63	96.04	0.00	95.35	86.90	90.79										
99.17	90.04	98.63	94.22	83.87	68.47	59.00	0.00	86.42	91.01										
70.21	67.55	59.09	58.63	69.34	56.03	99.85	79.95	0.00	92.92										
79.51	72.44	93.79	94.82	93.85	76.99	74.39	61.05	87.53	0.00										
0.00	87.26	90.94	81.40	99.87	69.92	63.24	88.84	81.63	88.48										
73.07	0.00	81.88	95.93	97.97	79.09	56.52	82.52	94.49	67.97										
75.77	73.49	0.00	56.71	88.16	94.66	63.74	96.03	85.52	62.24										
91.74	64.18	63.07	0.00	77.08	76.44	61.10	98.67	95.58	95.68										
69.60	86.16	93.29	73.40	0.00	60.84	65.19	77.34	74.14	63.50										
75.77	80.45	57.03	70.56	61.69	0.00	63.50	86.67	95.87	66.52										
86.02	70.85	95.02	84.11	98.45	92.77	0.00	77.61	88.86	60.37										
79.23	87.74	86.42	74.38	56.71	89.04	58.45	0.00	96.60	66.50										
75.23	82.07	76.76	60.44	55.88	55.40	98.56	81.27	0.00	67.51										
59.06	67.79	62.94	56.20	86.73	63.95	68.88	94.20	97.07	0.00										
0.00	91.56	96.65	89.96	56.73	56.96	62.01	74.80	56.63	81.08										
88.77	0.00	62.07	56.76	91.34	72.76	70.09	84.94	61.44	94.40										
69.16	68.69	0.00	84.87	99.05	62.99	66.25	74.84	98.93	83.95										
99.85	56.57	93.66	0.00	56.70	72.59	75.76	75.79	74.84	68.03										
85.10	90.24	99.38	77.63	0.00	79.19	59.83	64.24	71.81	66.22										
94.83	62.27	92.09	57.20	56.76	0.00	78.14	73.40	56.37	79.94										
63.22	57.89	91.58	80.31	89.56	95.71	0.00	77.72	67.56	60.93										
58.37	90.04	84.73	59.46	62.52	62.21	99.09	0.00	84.97	80.62										
78.57	94.52	73.23	77.13	85.93	69.97	77.09	79.06	0.00	90.87										
80.39	68.88	90.01	67.10	87.95	97.47	81.61	59.47	61.06	0.00										
0.00	91.88	82.02	76.45	57.17	77.96	77.32	61.51	93.29	63.73										
64.98	0.00	88.39	57.80	65.13	60.10	61.67	76.44	87.96	84.43										
90.36	91.44	0.00	73.89	81.01	97.87	74.29	91.74	67.82	81.77										
86.54	72.76	99.39	0.00	66.15	65.26	64.96	95.91	90.45	69.46										
87.99	56.95	91.30	93.92	0.00	85.78	82.94	96.06	91.82	86.73										
72.00	81.37	59.02	72.33	59.67	0.00	78.57	68.04	82.13	74.77										
86.91	66.20	84.68	91.83	68.27	72.17	0.00	70.21	71.15	72.48										
87.00	89.11	65.57	94.91	63.91	90.54	89.58	0.00	85.51	66.19										
65.13	74.92	72.80	85.63	99.35	67.28	68.64	88.20	0.00	59.15										
64.91	84.07	74.35	76.32	66.37	81.27	57.02	83.10	67.82	0.00										
0.00	59.48	82.26	94.51	88.72	59.67	79.79	76.44	88.67	85.94										
69.44	0.00	87.94	68.27	71.32	77.04	91.21	77.09	70.56	93.24										
67.52	57.31	0.00	70.49	64.88	92.12	71.87	61.93	83.63	92.04										
99.77	64.29	71.99	0.00	69.26	99.99	89.11	65.66	73.08	99.51										
74.11	81.40	82.99	66.60	0.00	83.69	63.36	88.75	58.95	97.28										
79.23	95.93	96.73	91.02	91.60	0.00	59.75	72.49	58.69	69.51										
58.35	59.95	84.83	92.28	77.11	89.35	0.00	83.08	99.58	67.07										
95.30	76.68	60.95	67.28	96.58	71.93	59.26	0.00	66.50	57.57										
98.47	60.06	87.37	76.41	75.24	78.05	89.94	72.10	0.00	65.27										
93.73	56.41	65.10	74.35	71.22	76.03	92.87	57.57	64.35	0.00										
0.00	43.90	47.65	50.44	57.17	56.27	56.10	53.66	50.01	51.41										
55.74	0.00	47.28	59.54	58.25	48.67	57.87	52.51	44.78	54.50										
55.72	41.18	0.00	44.11	53.12	56.41	56.28	45.03	60.74	48.65										
59.03	53.48	56.55	0.00	42.94	58.71	48.95	58.13	52.34	55.69										
43.56	60.92	58.16	54.74	0.00	58.67	53.36	42.54	50.68	53.67										
48.49	45.05	46.98	57.28	46.11	0.00	58.96	57.40	48.99	47.70										
56.75	58.88	51.27	41.72	54.58	55.10	0.00	50.81	53.47	55.97										
45.81	51.63	41.47	43.51	42.27	48.13	43.01	0.00	55.02	55.54										
57.16	44.09	47.37	52.90	57.17	53.54	59.78	58.45	0.00	48.40										
46.47	45.85	56.43	55.73	46.59	53.71	54.03	51.88	60.02	0.00										
0.00	55.34	55.32	59.04	60.07	43.84	45.15	42.34	45.80	53.40										
58.29	0.00	58.01	57.62	42.97	41.39	60.62	60.84	50.17	47.50										
42.95	57.52	0.00	50.76	43.73	58.16	51.72	43.50	54.02	50.01										
52.75	44.57	50.36	0.00	54.81	53.17	51.22	51.46	42.99	56.66										
49.47	45.22	50.59	60.61	0.00	52.03	57.10	56.44	51.19	59.95										
56.08	42.59	53.27	42.31	55.26	0.00	51.84	48.13	44.07	53.48										
43.95	45.65	48.50	52.82	48.26	44.54	0.00	49.28	58.15	55.83										
52.55	48.69	41.53	43.73	43.10	43.52	50.75	0.00	43.62	52.39										
42.03	53.33	59.87	56.35	41.60	47.44	41.80	49.79	0.00	43.21										
41.77	46.60	55.24	53.88	46.24	55.09	43.35	54.35	48.47	0.00										
0.00	41.18	41.12	59.76	54.82	50.73	59.51	49.37	56.24	44.22										
56.76	0.00	44.22	44.87	42.13	56.14	47.32	57.32	57.44	60.85										
48.21	47.71	0.00	51.78	53.07	57.88	59.26	58.81	54.69	60.10										
49.05	57.34	59.05	0.00	46.99	42.57	56.97	59.18	51.15	51.02										
44.38	50.76	45.29	43.25	0.00	55.46	54.08	44.84	58.09	55.02										
41.22	49.60	46.64	56.41	52.11	0.00	48.11	45.54	49.51	50.45										
44.20	43.89	59.99	54.38	57.40	45.13	0.00	49.61	47.53	58.12										
57.67	60.13	42.42	50.28	57.70	57.19	46.53	0.00	41.49	46.90										
57.97	60.56	43.18	47.11	46.59	59.06	47.05	53.25	0.00	49.20										
48.90	41.12	57.13	51.51	55.22	47.70	57.57	41.19	45.10	0.00										
0.00	43.80	59.37	45.56	56.82	58.01	45.06	52.72	49.96	49.18										
56.50	0.00	49.77	41.31	60.57	60.22	53.64	47.33	53.34	43.16										
51.91	56.18	0.00	42.74	58.22	55.75	60.02	57.36	51.93	48.54										
57.24	48.88	46.46	0.00	56.99	60.17	59.23	49.20	54.69	43.88										
46.79	55.85	42.75	52.93	0.00	52.24	58.13	54.28	49.83	57.91										
45.81	53.12	52.53	50.19	50.02	0.00	42.25	50.50	41.46	41.32										
58.51	55.59	57.32	52.48	43.33	45.86	0.00	53.60	58.94	42.19										
46.87	55.86	51.66	56.19	55.50	44.05	48.83	0.00	49.41	52.34										
54.12	53.16	51.77	54.24	57.25	54.98	41.81	60.88	0.00	48.18										
52.45	46.46	55.96	49.46	52.12	60.05	57.21	41.86	48.96	0.00										
0.00	57.75	53.58	55.82	53.77	57.31	42.50	60.71	59.06	50.49										
48.46	0.00	45.90	48.63	50.87	51.42	45.37	42.55	56.99	53.48										
58.39	42.00	0.00	59.26	48.19	53.41	57.57	53.42	56.62	59.64										
54.13	41.18	44.35	0.00	48.10	48.87	58.91	53.12	46.55	41.02										
45.46	43.51	57.40	46.01	0.00	49.06	46.13	45.18	49.56	48.11										
43.45	43.05	48.91	48.49	47.40	0.00	53.98	46.69	49.73	52.31										
54.71	50.17	49.91	42.92	47.96	52.02	0.00	42.17	58.21	53.08										
52.89	56.32	52.04	54.49	55.72	48.80	43.28	0.00	47.44	53.11										
52.74	51.47	52.26	51.69	58.31	57.00	60.98	49.39	0.00	57.07										
58.89	45.82	59.15	54.51	41.30	44.47	49.23	58.84	42.70	0.00										
0.00	49.70	51.51	44.69	50.18	43.99	59.34	59.79	41.99	53.91										
44.64	0.00	51.53	45.98	60.66	55.04	54.73	43.39	56.19	45.18										
59.23	55.01	0.00	55.68	53.17	54.79	47.46	52.54	53.50	43.02										
59.38	47.21	44.96	0.00	49.42	41.07	41.75	59.89	48.38	41.26										
45.30	57.40	50.07	59.75	0.00	48.22	44.05	47.96	50.90	60.50										
56.32	51.80	52.33	59.32	56.17	0.00	58.35	50.55	51.32	49.44										
48.78	45.23	48.04	59.58	42.50	48.25	0.00	47.65	52.40	47.20										
58.85	43.52	42.65	41.16	55.60	47.26	55.69	0.00	52.48	59.29										
52.24	47.83	44.71	53.00	46.62	55.43	59.21	48.65	0.00	48.79										
42.55	45.33	52.00	46.34	60.98	55.84	60.89	49.25	60.80	0.00										
0.00	49.09	55.73	56.59	43.79	56.59	43.18	60.69	54.98	58.33										
44.16	0.00	45.09	51.92	46.51	54.09	54.08	48.70	46.29	46.09										
44.90	48.64	0.00	45.37	56.42	41.93	55.23	46.19	56.57	60.13										
43.07	60.95	56.47	0.00	58.77	57.08	45.25	46.19	47.64	58.75										
41.74	50.82	57.16	52.86	0.00	54.37	49.58	43.28	48.96	43.81										
57.74	50.13	51.07	59.14	51.37	0.00	55.54	57.53	60.63	56.30										
53.61	59.35	42.54	48.62	41.84	60.88	0.00	60.92	53.50	48.83										
57.17	56.70	47.25	55.85	42.73	56.85	47.66	0.00	58.74	48.79										
49.24	47.36	50.11	45.05	57.89	50.28	55.09	54.45	0.00	54.24										
53.29	54.68	47.23	60.75	55.80	52.66	60.09	41.53	46.39	0.00										
0.00	58.11	46.78	54.07	53.62	43.42	58.20	53.61	51.13	42.96										
52.88	0.00	45.06	55.76	42.83	49.83	56.42	42.78	52.03	57.86										
50.39	52.33	0.00	51.71	54.07	47.58	53.36	53.53	49.41	51.50										
60.55	58.50	48.57	0.00	42.74	50.91	51.13	58.61	48.14	56.48										
52.89	59.81	54.83	45.11	0.00	50.31	45.96	48.65	45.61	46.23										
49.53	56.97	49.93	54.17	55.66	0.00	51.03	48.70	45.00	53.92										
52.71	41.42	49.24	42.04	53.52	51.44	0.00	60.97	57.28	46.95										
54.20	50.69	49.79	42.19	42.42	54.52	47.04	0.00	54.13	49.62										
51.75	57.92	45.22	46.78	56.20	47.23	48.06	57.35	0.00	47.34										
48.95	60.27	53.73	53.57	55.85	45.47	54.29	58.78	45.45	0.00										
0.00	47.10	50.39	53.50	48.29	48.58	51.29	42.61	59.14	45.91										
49.11	0.00	48.18	48.37	60.40	50.23	53.01	49.86	54.53	55.88										
54.61	48.92	0.00	54.25	55.15	42.84	47.78	48.30	59.90	52.44										
43.20	41.93	44.31	0.00	56.34	56.22	42.02	47.06	44.89	43.30										
43.98	56.66	59.37	42.84	0.00	58.39	43.16	47.93	48.15	60.84										
47.14	47.36	54.44	42.96	50.20	0.00	59.02	51.78	49.95	46.65										
60.60	46.31	59.27	60.46	60.38	52.03	0.00	42.98	44.03	42.88										
60.09	53.67	54.81	55.47	55.51	46.85	55.35	0.00	48.06	47.66										
60.31	57.99	46.77	45.86	54.80	60.13	53.83	42.49	0.00	41.26										
44.44	45.12	50.41	47.08	51.61	49.93	47.81	56.86	46.55	0.00										
0.00	43.11	55.21	42.77	58.24	51.21	56.01	42.14	49.25	45.00										
48.43	0.00	59.56	50.99	60.37	41.14	52.42	52.42	48.14	60.01										
41.60	56.46	0.00	60.57	59.50	54.52	49.45	43.54	41.42	58.61										
51.92	51.10	55.35	0.00	52.90	51.36	44.62	53.35	43.53	56.70										
54.54	51.07	59.13	48.15	0.00	60.17	51.33	41.92	55.56	59.70										
45.10	55.86	52.48	49.47	46.01	0.00	50.00	47.53	50.88	55.95										
56.97	45.83	60.39	45.08	55.39	59.12	0.00	57.80	45.15	51.03										
56.36	48.05	44.55	42.13	52.26	50.20	41.14	0.00	44.08	57.07										
43.77	60.08	43.36	47.56	54.69	48.82	59.98	49.17	0.00	50.61										
42.18	60.13	59.55	43.87	47.97	54.37	50.43	44.01	55.80	0.00										
0.00	59.44	44.27	48.52	48.69	48.18	51.63	47.02	59.34	42.68										
50.51	0.00	60.54	47.08	51.85	50.34	56.48	51.06	54.61	52.58										
49.39	48.15	0.00	47.10	57.16	44.98	41.89	47.65	57.20	59.54										
41.58	52.03	55.34	0.00	59.52	51.09	45.61	51.56	46.38	47.84										
48.75	41.86	57.37	59.54	0.00	57.20	52.69	59.08	46.15	55.84										
42.15	41.30	48.18	43.01	58.38	0.00	53.08	50.00	59.05	44.35										
46.41	45.53	43.92	60.70	53.13	57.64	0.00	58.08	52.26	41.03										
41.83	49.68	47.55	44.00	53.37	45.88	50.97	0.00	41.83	48.83										
55.17	41.98	55.37	47.50	46.34	45.26	55.11	41.01	0.00	50.20										
55.23	56.82	44.14	51.63	51.76	42.29	59.27	45.51	60.24	0.00										
0.00	54.87	52.73	60.48	52.18	56.55	44.78	52.40	43.51	52.54										
60.73	0.00	51.85	48.51	48.26	59.55	56.06	54.32	49.61	51.64										
55.85	47.08	0.00	44.96	47.29	57.53	42.85	53.95	46.22	48.59										
42.77	44.36	55.44	0.00	46.51	49.04	52.88	50.04	47.53	53.89										
47.55	43.38	46.52	46.86	0.00	58.14	44.64	41.57	48.92	49.58										
49.93	42.93	51.28	45.66	52.40	0.00	59.36	60.30	51.86	45.55										
59.46	52.27	50.76	49.54	59.56	58.27	0.00	49.69	49.40	47.73										
46.76	41.08	44.43	58.60	60.54	44.53	55.06	0.00	43.56	41.57										
60.57	51.75	51.68	55.30	58.41	57.95	51.66	58.03	0.00	57.79										
48.73	54.89	47.19	60.58	60.02	54.05	53.70	53.40	60.88	0.00										
0.00	59.38	44.57	59.68	42.21	46.50	48.80	48.54	56.44	48.46										
49.21	0.00	47.87	44.80	56.82	46.98	42.84	58.11	56.99	59.42										
58.20	60.88	0.00	45.20	50.34	50.06	53.01	50.96	46.52	46.84										
56.54	60.28	43.33	0.00	52.56	46.09	50.34	45.49	59.81	44.92										
45.51	59.94	57.93	54.71	0.00	47.50	42.24	59.03	53.95	43.50										
53.62	50.65	46.32	46.22	41.63	0.00	59.84	55.87	41.77	55.08										
43.13	56.27	41.77	49.65	44.65	49.08	0.00	42.89	52.45	50.62										
50.17	41.52	42.89	52.12	54.95	52.76	52.95	0.00	50.09	43.97										
44.30	45.24	41.71	46.18	44.01	55.22	56.74	59.05	0.00	46.93										
56.47	47.07	42.48	44.45	56.64	46.16	57.42	60.97	60.23	0.00										
0.00	53.06	53.11	48.45	49.87	41.06	52.94	43.88	48.51	43.48										
57.61	0.00	46.89	46.75	59.01	48.88	60.65	58.36	54.73	53.31										
43.20	57.41	0.00	60.93	50.34	60.88	45.74	59.84	56.72	57.93										
52.49	46.42	59.84	0.00	57.94	42.15	60.28	44.24	49.59	52.31										
55.66	59.38	47.30	48.48	0.00	45.76	56.40	50.25	48.19	50.91										
59.26	51.70	41.01	59.02	55.59	0.00	60.05	42.54	56.81	47.54										
48.96	58.30	53.20	49.64	44.38	42.26	0.00	47.71	43.70	60.52										
42.93	53.40	45.51	57.27	45.44	45.24	56.18	0.00	53.31	46.06										
47.82	51.46	58.08	54.05	58.60	54.60	54.30	41.47	0.00	52.21										
59.76	44.40	43.01	43.81	60.21	58.53	57.84	53.35	58.55	0.00										
0.00	55.98	43.20	45.26	50.59	42.14	56.10	60.61	51.48	54.12										
57.33	0.00	41.31	50.72	50.14	48.50	52.48	47.46	43.81	54.00										
50.04	42.95	0.00	45.79	50.26	49.97	59.34	55.73	47.94	42.92										
42.87	46.51	42.19	0.00	44.44	59.43	53.53	59.40	59.00	59.29										
45.13	48.94	59.22	44.97	0.00	53.65	54.26	59.21	58.68	54.81										
44.78	60.39	48.88	60.10	56.65	0.00	50.06	60.11	50.53	56.27										
48.95	58.60	50.82	59.10	57.82	47.40	0.00	56.60	42.55	55.26										
59.41	57.12	52.01	54.95	58.60	45.38	51.27	0.00	57.08	56.59										
50.99	46.06	58.21	60.67	57.00	49.26	56.28	46.99	0.00	59.06										
58.94	58.55	46.55	42.14	42.17	52.55	43.54	50.38	51.64	0.00										
0.00	45.07	60.01	55.23	58.19	41.29	45.83	46.04	51.17	58.60										
59.13	0.00	46.08	57.24	60.42	47.63	55.70	53.12	59.25	43.17										
42.09	60.09	0.00	47.71	60.90	49.22	54.68	59.69	49.35	47.64										
43.32	54.69	41.99	0.00	59.60	45.20	42.34	47.54	48.66	50.78										
56.56	43.56	59.49	53.12	0.00	48.15	48.45	59.71	42.51	57.21										
57.55	47.34	59.18	59.32	55.46	0.00	58.97	48.23	43.11	60.74										
41.53	44.67	51.71	55.83	54.11	59.02	0.00	53.58	47.48	46.30										
58.74	58.82	50.66	56.52	57.96	46.66	48.09	0.00	45.94	45.05										
51.95	44.50	52.06	51.70	51.42	53.26	47.73	54.78	0.00	60.32										
42.27	57.24	51.71	52.41	56.30	47.44	57.53	42.53	51.63	0.00										
0.00	56.01	53.74	53.32	44.78	53.49	57.13	42.95	46.02	57.23										
56.79	0.00	46.72	51.87	46.25	43.80	55.01	60.98	58.60	55.22										
59.42	60.86	0.00	47.59	53.11	57.04	44.67	55.85	55.19	53.92										
54.75	52.10	58.46	0.00	41.84	56.91	41.99	47.38	47.66	60.04										
41.43	41.24	44.15	44.67	0.00	47.23	60.86	57.57	52.10	56.55										
55.45	56.55	55.59	53.29	43.52	0.00	41.45	51.94	58.66	48.75										
54.88	59.23	57.62	56.69	44.90	51.03	0.00	49.55	52.94	59.06										
53.38	47.25	50.26	54.40	58.08	45.96	55.33	0.00	50.87	45.36										
55.40	58.30	53.62	43.60	49.78	51.35	45.40	56.13	0.00	49.86										
54.19	54.22	50.16	42.58	60.23	42.77	55.25	55.83	52.57	0.00										
0.00	52.84	43.71	46.38	47.91	51.53	57.16	52.96	57.57	57.31										
51.44	0.00	58.27	41.65	45.62	51.71	41.17	47.62	58.40	55.20										
48.15	59.33	0.00	52.85	53.04	57.86	49.80	55.74	50.57	46.55										
51.89	59.87	51.24	0.00	45.74	58.21	53.87	59.53	53.52	47.21										
50.33	55.33	48.36	51.68	0.00	56.85	47.62	44.58	50.54	43.51										
60.79	58.67	44.97	57.18	50.51	0.00	56.23	58.66	56.38	55.98										
48.84	47.68	46.73	45.85	50.31	46.51	0.00	42.15	47.27	45.98										
55.23	46.09	42.76	46.80	59.43	52.30	52.24	0.00	48.02	42.20										
58.46	41.11	41.48	57.82	55.76	48.52	51.48	59.10	0.00	47.25										
48.91	53.58	55.16	43.11	57.22	58.89	41.27	55.90	43.48	0.00										
0.00	56.59	52.75	52.72	45.22	42.76	50.88	60.71	51.06	43.93										
60.58	0.00	50.56	56.56	55.34	50.20	44.89	49.81	54.26	59.98										
51.47	44.63	0.00	47.18	46.66	56.52	42.01	46.99	51.58	49.77										
45.43	41.50	46.29	0.00	48.65	59.88	57.42	58.86	46.58	49.41										
57.85	52.78	52.68	58.62	0.00	55.85	52.28	44.59	59.76	51.42										
53.57	48.28	45.88	43.36	53.44	0.00	52.09	60.76	50.77	57.82										
50.16	53.42	55.98	55.20	43.69	42.44	0.00	56.88	41.95	50.09										
57.68	43.38	57.04	41.34	42.09	42.53	46.89	0.00	49.01	43.08										
57.99	54.56	51.78	43.74	56.30	44.58	46.73	45.75	0.00	41.68										
46.06	53.91	43.23	59.33	45.57	57.72	53.04	54.79	53.34	0.00										
0.00	54.68	60.70	44.00	57.96	56.56	57.95	50.27	46.01	54.72										
55.28	0.00	54.52	53.09	47.05	56.10	57.02	48.81	58.16	48.06										
42.11	54.97	0.00	52.15	47.63	41.37	47.16	55.82	47.62	42.13										
46.24	58.05	57.81	0.00	45.45	53.18	57.23	43.66	48.14	47.98										
51.78	58.94	50.61	48.34	0.00	57.12	56.49	44.78	54.25	56.32										
51.79	45.63	48.94	41.25	46.63	0.00	46.02	55.04	44.73	42.54										
50.70	45.25	59.32	58.89	54.27	53.48	0.00	41.03	49.24	57.13										
46.16	53.29	51.69	46.95	58.29	58.88	52.44	0.00	56.36	53.25										
49.32	55.56	42.61	42.30	46.96	58.55	48.86	55.51	0.00	53.97										
47.76	53.59	42.70	52.18	49.47	60.41	42.23	55.39	54.13	0.00										
42500	42500	42500	42500	42500	42500	42500	42500	42500	42500	42500	42500	42500	42500	42500	42500	42500	42500	42500	42500
10																			
6																			
10																			
6																			
9																			
7																			
7																			
9																			
7																			
8																			
6																			
