89	83	92	90	90	117	122	136	141	126	127	109	124	96	107	92	77	84	97	101
95	76	95	94	101	107	124	118	112	119	117	110	99	109	109	108	93	78	85	84
87	80	87	97	115	110	113	117	119	129	124	111	103	105	100	108	79	83	74	89
100	87	71	92	96	114	108	102	136	97	128	110	113	111	92	89	83	87	99	61
76	77	79	89	77	97	101	103	114	135	112	131	97	113	116	96	87	73	78	81
85	74	86	89	92	113	104	117	125	129	121	124	115	106	106	94	101	97	77	78
78	75	99	107	120	117	95	114	113	126	119	107	110	108	83	79	90	72	64	88
82	70	75	96	116	121	95	112	123	129	137	124	105	119	99	92	93	83	102	74
74	88	100	98	94	115	117	101	112	106	106	94	117	119	90	109	87	74	77	79
85	88	85	89	91	96	131	116	114	124	122	119	104	112	91	93	95	68	70	74
87	83	85	109	109	90	116	115	114	134	126	119	114	112	93	87	90	83	67	67
75	84	91	90	114	109	108	127	110	113	116	102	110	115	107	92	88	77	98	80
76	78	56	93	91	123	114	131	114	101	110	113	120	99	104	100	85	91	89	83
79	89	78	122	108	108	117	122	106	122	103	116	110	107	102	93	77	98	65	88
85	75	79	115	100	95	113	96	143	125	117	116	95	86	111	93	79	95	87	84
74	90	68	108	102	114	87	116	123	117	114	118	91	120	101	107	80	95	85	82
75	89	84	98	107	115	108	115	121	134	113	125	98	117	108	95	81	76	75	78
99	78	79	84	92	103	124	132	122	121	114	108	103	117	104	74	87	78	89	74
71	88	96	92	100	100	96	104	110	128	129	100	113	94	109	100	89	84	100	85
69	88	104	77	108	113	106	127	112	106	109	114	117	97	86	80	90	84	82	65
26	27	27	27	28	31	31	35	37	40	37	37	35	32	30	25	29	24	28	22
26	25	27	27	28	32	34	34	37	33	39	40	35	30	29	28	30	25	23	22
25	26	22	31	29	38	35	35	39	36	39	35	32	35	30	29	27	29	22	29
25	26	24	31	31	31	35	36	40	40	35	36	33	38	27	29	25	24	24	25
24	27	29	26	34	29	32	34	33	37	33	41	35	34	33	30	21	22	23	20
25	29	28	24	24	35	36	35	28	39	34	32	34	35	27	28	31	27	26	24
22	23	19	27	32	31	37	34	32	34	35	37	26	29	30	29	28	28	26	26
27	25	25	24	27	31	34	31	40	36	36	34	30	35	31	27	21	21	24	28
19	35	26	28	35	27	37	34	36	37	33	37	31	30	22	29	30	24	22	23
25	25	23	27	34	38	33	35	30	41	35	32	30	34	26	31	25	27	24	23
23	26	26	32	26	34	31	26	33	40	34	37	29	31	26	26	27	27	19	23
25	31	32	30	29	28	30	37	36	36	30	32	41	33	25	28	24	24	22	17
27	26	27	26	33	30	35	31	31	34	38	33	31	28	31	28	23	25	25	27
20	24	28	26	33	33	35	41	37	34	38	39	36	33	24	28	26	25	29	20
31	27	27	27	33	32	31	39	36	34	38	30	29	23	31	29	24	23	27	24
22	23	28	29	34	32	34	32	34	37	39	32	31	30	33	27	28	24	26	20
21	27	27	25	32	32	27	37	39	37	37	34	35	32	26	23	29	22	28	21
19	29	27	25	30	31	34	33	36	36	33	32	35	35	29	27	26	23	23	25
23	29	28	28	26	34	30	39	38	37	34	35	32	31	26	27	26	25	27	20
23	26	28	27	31	31	30	36	41	33	36	36	37	29	33	28	29	30	23	24
2.9	3.3	2.1	2.6	2.2	2.6	2.7	3.5	3.3	3.1	3.0	2.8	2.7	2.8	2.9	2.1	2.7	2.1	2.3	2.7
2.7	2.2	3.1	3.4	3.1	3.1	3.4	3.1	2.5	3.2	2.5	2.2	2.1	3.1	3.4	2.1	3.3	3.2	2.1	3.4
2.8	2.4	2.6	2.1	2.9	2.5	3.1	3.0	3.3	3.0	3.1	3.1	3.2	2.7	2.9	2.4	2.0	2.3	2.4	2.0
2.7	2.5	2.5	2.1	2.1	3.2	3.5	2.8	2.8	3.1	3.3	2.8	2.0	2.5	3.5	2.4	3.4	3.3	2.7	2.1
2.8	2.4	3.0	3.1	2.1	3.4	2.7	2.8	3.3	3.2	3.2	3.2	3.1	2.8	2.2	2.6	2.1	2.9	3.0	3.4
2.1	2.7	2.0	3.3	2.2	2.3	2.4	3.0	3.2	3.3	2.0	2.4	2.5	2.3	2.1	3.5	3.0	3.3	2.3	2.2
2.9	2.9	3.0	2.1	2.8	2.4	2.6	2.5	2.9	2.5	3.2	2.5	3.5	3.0	2.1	3.1	2.1	2.0	2.2	3.1
3.1	2.1	2.6	2.1	2.6	2.8	2.8	2.4	2.2	2.0	2.3	2.4	2.3	3.1	2.5	2.5	3.3	2.6	3.4	2.2
2.8	2.1	2.2	3.5	2.8	3.3	3.2	2.6	2.0	3.4	2.2	2.7	2.4	2.8	2.7	2.6	3.1	3.0	2.9	3.3
3.2	3.4	2.2	2.7	2.1	3.1	2.9	2.7	2.4	2.7	3.5	3.3	2.8	2.4	2.3	3.2	3.2	3.4	3.4	2.2
2.6	2.8	2.3	2.1	2.1	2.5	3.2	3.2	2.9	2.4	3.0	3.2	2.6	3.3	2.1	2.4	2.9	2.7	3.1	3.2
2.5	2.4	3.2	2.5	3.3	2.4	2.6	2.8	2.1	2.4	2.8	3.4	3.3	2.4	3.4	2.5	2.8	2.1	2.5	2.2
2.7	2.8	3.0	2.8	3.2	2.7	3.2	3.4	2.9	3.2	2.3	3.4	2.0	2.5	2.8	2.7	2.2	2.3	3.0	3.0
3.0	3.5	2.2	3.0	3.2	3.5	2.9	2.1	2.7	2.9	2.6	2.6	2.5	3.1	2.4	2.8	2.4	2.2	2.7	2.4
2.3	2.9	3.0	3.0	3.2	3.3	2.6	2.2	2.8	2.9	2.5	2.0	2.3	2.6	2.1	3.3	2.3	2.4	3.1	2.5
2.3	3.0	3.1	2.1	2.9	2.5	2.8	3.4	3.0	3.3	2.3	2.1	3.0	2.8	2.2	2.7	3.4	2.7	3.4	2.3
2.8	2.1	2.4	2.1	3.3	3.4	3.3	2.8	2.5	2.4	2.9	2.0	3.4	2.4	2.8	3.3	2.4	2.5	2.4	3.2
2.5	2.1	2.1	2.2	2.4	3.2	2.8	3.4	3.4	2.8	3.2	2.4	3.3	2.2	3.3	2.8	2.5	2.9	2.1	2.2
2.3	2.3	2.7	2.6	2.5	2.8	2.7	3.1	2.1	2.1	2.9	2.5	2.2	2.3	3.2	2.9	3.0	2.4	2.4	2.1
2.6	2.9	2.9	2.2	3.3	2.5	2.2	3.4	3.0	3.3	2.8	2.1	2.8	3.1	3.2	2.7	2.5	2.8	2.0	3.0
2.5	2.7	2.2	2.3	2.6	1.8	1.5	2.1	2.4	2.5	1.9	1.4	1.5	3.0	2.4	1.6	1.7	2.6	2.0	1.2
1.4	1.3	1.7	1.9	2.0	2.6	2.1	1.0	2.9	1.8	2.8	1.0	1.2	1.0	1.8	1.5	1.6	2.9	2.8	2.8
2.0	2.5	1.5	2.7	2.7	1.7	1.9	1.2	2.6	2.1	1.6	2.6	3.0	1.3	2.1	2.6	1.8	2.8	1.3	1.6
1.1	1.3	2.6	2.7	1.8	1.7	1.0	1.1	2.6	1.6	1.8	1.0	2.9	2.3	1.9	1.1	2.8	1.8	1.0	2.2
1.8	1.8	1.3	2.1	1.2	2.2	1.6	2.1	2.0	2.0	1.0	1.3	2.5	3.0	1.3	1.6	2.9	2.9	1.7	2.2
2.1	1.4	2.4	2.1	1.7	2.5	2.1	1.9	1.5	2.9	2.4	2.7	1.1	2.8	2.5	1.7	1.5	1.2	1.5	1.9
2.5	2.3	1.1	2.1	2.0	1.1	2.5	2.5	2.5	2.0	1.7	1.5	1.9	2.3	2.8	1.9	2.1	1.7	2.8	2.1
1.8	1.6	1.7	1.3	1.2	1.9	1.8	2.7	2.2	1.5	1.3	1.4	2.9	2.9	2.0	1.4	1.6	1.3	3.0	2.0
2.8	1.2	2.2	1.5	2.3	2.4	1.4	1.4	1.0	2.5	2.0	2.0	3.0	1.8	2.9	1.2	1.5	2.8	2.7	2.2
1.8	1.5	1.4	1.6	1.6	1.3	2.2	1.3	2.0	1.9	1.2	2.1	2.0	2.5	1.7	2.1	1.3	2.7	1.2	1.1
3.0	2.1	2.8	2.8	1.1	1.8	2.0	1.1	1.6	1.8	2.5	2.2	1.4	2.4	1.8	2.0	1.1	2.2	2.4	1.6
2.7	2.6	1.4	1.4	1.3	3.0	1.5	1.9	2.5	1.9	1.6	2.6	2.6	2.5	1.8	2.8	3.0	1.3	1.8	1.1
2.6	2.2	1.4	2.3	2.9	2.6	1.2	2.3	2.2	1.3	2.2	1.2	2.1	2.2	2.0	1.7	1.5	2.2	1.1	2.3
2.4	2.9	2.6	2.8	2.1	1.2	3.0	2.3	1.7	1.6	1.5	2.9	2.4	2.4	2.8	1.2	2.6	2.1	1.5	1.7
1.9	1.8	2.8	1.5	2.3	1.1	1.8	1.3	1.5	3.0	2.3	1.5	2.6	2.6	1.4	1.8	1.2	2.6	2.9	1.3
2.6	1.2	1.8	2.1	2.6	1.1	1.9	2.9	1.2	2.8	2.6	2.8	2.4	2.8	1.2	1.1	1.6	2.4	1.0	1.1
2.8	2.1	2.1	2.8	2.2	1.3	1.3	2.1	2.6	2.4	1.2	1.7	1.4	1.2	2.8	1.8	1.3	2.3	2.9	2.9
1.5	2.4	1.7	1.2	2.9	2.8	2.3	1.4	2.2	1.1	2.8	1.0	1.7	2.6	2.4	2.3	2.2	2.7	1.4	1.4
2.5	1.7	2.6	1.4	2.8	2.9	1.1	2.0	2.7	1.1	1.0	2.1	2.1	1.9	2.8	1.7	1.1	2.4	2.9	1.5
2.6	2.5	2.9	1.4	1.4	3.0	2.1	1.7	1.4	2.0	1.2	2.1	1.0	3.0	1.5	2.6	1.1	2.6	2.0	1.0
20.3	24.1	12.4	18.4	24.3	18.7	16.0	16.2	24.6	14.4	10.4	19.6	14.2	15.6	16.7	19.4	22.4	24.3	15.1	17.6
16.3	17.1	13.9	11.9	11.2	17.1	12.2	23.8	23.9	22.9	12.3	16.8	24.5	23.8	22.5	18.5	22.2	12.2	12.2	10.2
11.0	24.8	21.5	19.2	13.9	15.6	14.7	18.5	10.1	24.6	13.5	22.5	22.4	11.1	21.0	18.3	16.5	20.1	22.5	19.5
15.5	20.5	12.8	24.8	12.1	16.6	19.0	11.9	16.5	15.5	10.4	23.1	18.8	11.1	19.8	19.4	24.5	15.4	23.8	19.6
18.9	21.0	12.6	24.0	21.1	22.5	22.8	23.9	15.4	24.7	11.4	21.0	13.1	18.6	24.1	21.3	17.2	12.5	11.0	13.9
22.6	19.1	15.6	20.1	13.8	12.4	11.8	23.3	19.8	17.5	15.7	18.5	22.5	20.1	24.8	16.9	11.9	19.5	19.2	13.7
21.2	10.8	22.1	21.5	20.2	15.5	15.2	10.7	11.7	13.7	20.4	15.8	16.0	24.9	18.8	11.0	17.7	10.1	24.1	11.3
10.4	13.4	17.7	13.5	15.8	24.6	15.8	14.7	24.0	21.8	15.1	18.9	19.8	15.8	17.4	19.6	22.4	24.8	23.0	24.8
20.0	11.2	15.9	24.4	10.2	16.8	11.7	21.1	10.3	12.2	13.0	17.8	24.6	22.2	18.7	16.7	22.5	16.6	20.5	24.7
16.6	21.6	20.9	16.9	21.9	13.8	22.9	14.4	14.7	24.0	13.1	17.5	11.0	20.2	17.5	16.7	19.3	13.0	10.9	17.0
19.9	21.2	14.1	24.9	24.1	11.7	12.1	19.2	23.4	14.5	17.0	12.7	12.7	16.2	19.7	23.8	15.8	25.0	24.9	23.5
23.9	22.6	23.6	23.8	16.7	21.3	15.7	20.9	15.9	17.5	12.6	12.1	22.1	20.1	17.3	18.6	15.1	15.4	20.6	16.6
21.4	14.9	19.3	16.6	10.7	12.5	18.5	16.3	11.2	10.0	22.7	16.2	15.7	11.7	13.3	22.7	20.1	24.8	19.6	11.8
21.9	12.3	13.7	24.7	10.3	12.6	12.7	14.5	13.0	10.1	16.4	10.4	10.6	15.3	17.7	17.5	14.2	13.4	13.5	19.0
15.4	22.9	13.4	11.2	18.0	15.0	19.6	23.2	19.2	24.9	23.3	10.3	21.4	24.0	23.6	19.9	12.4	19.7	19.4	13.6
20.2	21.5	19.6	18.1	20.6	18.8	17.1	19.3	17.8	10.1	11.5	19.2	24.7	20.4	13.4	18.7	13.5	10.1	19.6	22.0
11.8	11.9	24.0	14.9	14.2	24.4	24.7	20.2	15.7	21.2	10.8	15.7	22.9	24.2	11.6	15.6	10.4	10.1	11.9	17.7
19.5	11.4	18.3	11.9	23.0	23.8	22.8	13.6	19.0	24.7	23.2	23.8	20.0	10.4	19.7	13.1	11.5	18.9	13.9	17.0
21.6	17.6	15.8	18.5	17.9	24.4	12.6	24.7	14.9	17.2	13.0	16.9	23.3	14.0	19.2	13.2	11.6	24.8	11.1	12.2
17.6	24.6	12.1	11.6	24.5	15.5	17.8	22.0	11.1	17.0	11.9	23.1	17.8	11.1	15.9	21.8	11.6	24.0	12.4	23.7
6.1	11.0	8.1	9.2	7.8	14.8	5.4	6.5	7.3	7.9	11.5	6.9	14.4	12.9	10.9	10.9	5.3	14.8	6.7	6.1
6.7	10.0	10.2	10.5	14.5	8.7	9.0	7.4	6.3	10.1	15.0	12.0	7.9	7.2	5.2	14.8	8.3	6.6	12.5	12.5
9.9	12.5	12.6	13.2	6.0	10.7	7.4	11.6	14.4	5.2	11.1	14.8	11.9	12.8	7.3	7.2	11.3	9.6	9.5	14.9
10.9	14.2	9.6	5.5	14.5	12.9	12.0	14.2	7.2	14.8	13.3	5.7	8.4	10.7	7.2	9.7	11.4	8.1	13.4	8.3
7.9	8.3	7.9	14.5	10.5	13.1	11.5	6.1	13.1	12.9	8.2	12.6	11.9	14.1	9.3	10.2	7.9	10.2	11.1	7.9
11.1	7.4	6.1	11.4	9.7	5.8	9.4	8.6	6.5	13.5	8.9	7.6	6.6	8.0	7.0	13.5	5.1	7.2	14.1	8.1
12.6	9.9	6.0	13.1	7.5	7.9	12.2	11.7	7.5	8.5	6.8	14.8	11.5	10.1	6.1	7.8	11.9	6.9	14.5	13.4
6.8	13.0	8.4	7.3	7.2	8.0	5.2	12.3	7.4	12.7	13.1	6.4	10.0	10.7	5.6	7.7	9.4	12.2	11.1	8.3
10.2	10.5	9.2	5.8	5.7	11.0	11.1	7.5	9.5	9.6	14.7	5.9	13.4	14.1	6.2	14.1	6.7	6.6	14.3	14.6
14.2	6.2	9.8	8.5	5.4	7.2	10.1	10.2	9.1	6.9	8.1	10.0	8.4	8.9	8.4	10.9	8.1	12.5	13.5	12.5
7.2	9.0	9.3	13.6	6.4	9.2	10.3	12.7	11.5	12.7	13.8	6.6	7.3	7.9	10.5	11.9	8.3	12.9	6.0	9.2
13.8	11.7	12.2	14.7	6.0	9.5	14.2	6.6	12.4	14.9	5.6	9.1	13.9	8.6	9.1	8.3	12.3	5.5	12.7	10.1
8.7	9.4	9.6	13.0	10.0	10.8	7.4	14.8	9.8	8.5	10.1	14.0	11.0	6.4	7.3	12.5	9.9	8.7	10.9	5.2
14.1	13.0	6.4	8.8	14.2	13.2	12.2	11.9	10.7	8.8	13.3	12.6	6.7	11.3	11.1	13.5	14.9	7.4	7.8	8.0
11.7	10.1	7.3	15.0	13.0	10.2	8.7	13.4	12.7	9.2	11.1	12.2	5.8	13.8	10.4	9.2	5.6	9.3	8.4	9.2
9.2	12.8	12.3	10.2	14.6	12.3	9.6	6.2	9.4	12.6	14.1	14.5	8.1	10.2	6.4	5.4	12.9	11.1	5.7	12.7
15.0	7.8	5.7	9.6	6.3	13.5	8.5	9.9	14.7	12.2	8.6	10.8	7.2	14.6	7.0	10.2	6.3	9.2	14.0	7.8
10.9	5.3	10.5	10.5	12.6	7.3	10.2	8.2	8.1	8.2	13.9	6.6	11.3	7.9	7.9	11.0	13.1	5.6	8.9	7.4
7.1	8.9	5.6	11.7	9.8	6.8	10.6	10.6	13.3	6.6	5.3	12.8	8.6	9.6	6.9	7.7	10.7	12.0	8.9	13.3
8.1	7.3	11.4	6.2	12.9	7.3	10.5	6.0	6.5	8.3	12.7	12.7	8.1	8.8	8.5	9.3	5.7	12.9	12.3	6.1
16.1	19.3	21.1	21.9	23.1	21.9	16.7	20.0	17.0	22.9	23.9	16.8	18.3	16.5	21.0	17.2	17.6	24.8	21.8	17.4
19.8	20.8	18.6	19.7	22.2	23.7	17.3	24.1	20.5	18.1	18.4	15.8	19.9	24.2	18.3	21.9	17.9	16.7	22.4	22.3
19.7	23.5	21.2	23.0	22.9	22.6	18.0	21.1	15.5	19.3	18.8	19.6	21.1	15.6	19.1	23.8	15.7	22.8	15.4	20.2
24.9	16.1	19.0	16.8	17.4	24.6	22.7	21.1	22.8	22.3	16.3	24.1	21.2	17.7	19.4	24.5	17.3	18.6	16.4	24.8
17.6	19.1	16.4	22.4	17.9	23.6	19.2	23.8	18.7	19.9	21.7	24.3	16.2	22.8	20.4	23.1	16.2	24.7	22.2	21.4
15.0	21.0	21.2	19.7	18.6	17.1	22.5	24.4	15.3	20.5	22.3	18.7	16.6	21.9	19.4	19.8	15.1	23.0	15.2	16.5
18.2	21.2	22.0	18.1	15.9	24.1	16.7	23.8	17.8	16.1	17.8	22.4	18.5	20.1	23.0	24.1	18.0	15.3	23.3	24.1
21.0	19.7	19.9	19.8	20.6	18.5	19.2	17.7	20.1	21.7	22.3	23.6	19.4	24.7	18.8	24.2	15.2	21.1	17.2	16.0
19.9	24.5	23.8	18.4	22.9	18.6	16.2	19.3	18.0	18.8	23.4	18.6	17.3	22.2	20.9	16.7	18.5	24.1	17.9	19.5
15.9	16.5	21.1	23.8	21.0	15.3	15.0	21.4	21.7	21.3	22.5	23.3	24.3	20.5	24.5	21.1	21.1	24.1	22.2	20.4
21.9	18.6	20.1	24.9	16.1	20.2	16.9	15.3	18.2	23.4	22.0	22.1	19.6	18.2	22.9	18.4	17.4	16.0	21.3	24.6
22.5	19.9	24.6	19.9	23.0	20.3	18.9	22.9	19.2	15.9	18.4	21.9	18.3	16.9	20.6	20.9	17.1	15.2	15.6	17.5
24.7	23.1	16.7	17.6	17.0	18.0	17.6	19.7	16.6	16.3	20.3	19.6	21.2	20.3	17.2	21.7	19.1	15.2	19.6	20.4
24.8	15.5	22.2	17.7	21.4	20.6	17.0	18.8	17.5	18.0	15.7	17.8	17.6	18.8	15.1	17.5	19.5	16.0	20.4	17.4
18.9	24.8	17.5	20.2	22.6	23.7	21.9	21.4	21.7	16.1	24.4	19.5	23.3	19.1	22.4	15.2	20.2	19.2	21.8	18.7
24.2	18.5	16.1	20.0	19.2	21.9	17.5	15.4	21.6	18.0	22.6	24.5	15.7	15.3	23.9	16.6	15.5	18.8	17.4	24.0
21.8	22.6	24.1	19.3	16.3	23.9	20.8	15.5	21.8	23.7	17.9	20.2	18.7	18.5	17.5	17.3	21.6	19.5	15.5	24.3
24.7	20.0	21.4	15.8	15.9	19.8	20.0	22.9	23.1	18.9	21.8	15.8	18.0	23.8	18.8	20.4	15.2	23.6	17.3	17.2
20.4	20.8	17.5	16.1	24.2	16.4	24.4	19.3	18.0	24.8	20.4	18.5	22.8	23.6	15.2	23.3	22.8	23.8	15.1	19.0
16.8	17.8	20.9	20.4	23.0	23.0	16.6	16.2	22.7	18.9	21.2	24.2	20.8	15.8	20.8	20.8	15.9	22.4	20.3	19.5
0.0	67.9	62.3	56.8	83.1	97.8	68.7	84.8	69.4	93.6	60.9	75.5	82.5	87.5	92.5	65.2	78.3	96.7	56.7	80.5
88.7	0.0	97.2	71.4	73.7	89.2	67.5	62.4	97.3	84.8	86.2	86.3	80.8	55.9	76.9	69.8	73.1	69.0	69.3	71.4
64.5	63.3	0.0	96.7	97.8	62.4	87.5	79.0	79.3	97.3	83.7	82.5	89.4	97.5	91.8	59.5	99.5	70.5	81.8	64.7
99.2	79.1	71.3	0.0	98.0	70.9	79.9	68.7	85.2	96.5	57.6	83.5	74.7	59.9	88.7	55.1	74.6	91.6	71.0	84.8
78.2	88.0	74.6	56.9	0.0	90.9	92.7	70.6	57.0	69.9	74.3	57.0	90.7	63.6	67.8	78.0	77.9	95.0	61.7	96.6
67.1	91.1	60.6	65.5	62.0	0.0	81.9	74.9	69.8	69.1	89.4	72.7	86.8	94.2	80.6	56.7	60.3	67.1	82.7	93.7
76.2	93.2	79.0	70.5	94.8	97.3	0.0	56.5	85.8	65.3	69.1	65.3	62.2	58.6	77.9	97.1	61.8	84.9	81.6	78.7
90.8	89.7	61.4	83.5	93.0	89.8	94.8	0.0	62.6	91.0	76.6	91.0	74.1	77.2	97.8	91.1	78.4	57.3	69.7	75.0
70.9	76.8	55.5	82.8	81.1	96.2	62.1	93.0	0.0	94.8	88.8	67.5	82.1	70.3	76.5	68.3	75.1	59.8	74.7	67.9
73.6	62.7	86.7	72.5	65.0	97.1	90.8	91.2	85.6	0.0	76.9	57.9	79.8	89.8	83.4	56.8	89.4	79.3	66.4	88.6
71.8	89.5	91.7	76.8	72.4	73.9	83.7	76.3	84.1	80.1	0.0	84.5	85.1	67.5	55.3	63.8	69.5	99.5	73.7	91.8
86.4	66.1	70.5	60.7	87.2	74.4	74.1	65.5	97.9	96.8	66.4	0.0	96.5	95.4	92.6	61.0	94.1	59.8	78.7	65.6
65.5	97.2	64.3	72.1	91.0	95.5	84.2	73.1	82.7	62.9	93.9	82.0	0.0	88.2	59.4	98.7	71.8	74.4	63.6	93.4
95.6	78.7	90.4	83.7	55.0	93.0	92.2	82.6	72.2	79.5	62.4	57.1	68.2	0.0	74.4	75.8	72.6	74.0	95.7	56.3
71.6	94.6	57.5	76.7	56.9	80.5	57.3	70.5	66.4	77.0	82.0	98.9	86.1	93.2	0.0	93.7	99.3	75.2	99.5	80.3
76.7	91.9	91.1	72.8	92.6	81.0	88.8	94.9	85.4	90.8	87.7	86.6	81.4	95.7	55.3	0.0	88.3	57.5	57.4	79.7
67.1	82.2	61.6	70.0	79.1	67.0	66.9	62.4	75.6	61.7	71.6	68.2	80.5	63.0	70.9	85.9	0.0	77.3	72.0	85.3
74.9	69.6	62.2	65.7	90.3	94.8	64.5	94.8	63.8	66.7	87.7	90.7	76.8	70.3	76.5	74.3	84.9	0.0	79.7	98.8
79.7	94.3	77.4	56.2	81.0	85.1	84.0	93.1	55.5	80.2	99.2	89.7	71.9	82.0	77.8	93.1	64.9	90.5	0.0	63.7
74.1	95.5	69.1	85.5	73.6	76.9	87.8	81.5	83.8	67.1	71.2	73.6	77.4	90.1	96.0	67.5	79.9	79.1	73.5	0.0
0.0	96.6	60.2	90.2	88.4	99.3	66.6	58.8	71.4	61.3	96.5	94.6	76.9	82.8	90.7	86.9	96.2	95.2	93.7	98.5
95.7	0.0	87.0	66.0	74.7	95.3	90.2	57.5	83.3	85.3	76.3	89.4	72.8	56.0	60.6	68.3	92.8	80.6	76.4	99.8
77.4	99.9	0.0	65.9	84.2	75.1	61.6	72.3	66.4	80.1	86.3	65.1	70.1	100.0	82.7	75.2	98.2	77.5	75.8	65.5
84.8	96.0	77.9	0.0	78.6	68.2	58.2	60.1	62.3	71.7	66.0	58.4	77.2	96.9	56.5	58.0	55.2	58.0	97.1	74.6
94.3	72.9	81.2	83.4	0.0	73.2	61.4	89.2	88.7	55.3	92.3	92.2	56.4	56.8	90.1	70.8	92.6	57.1	87.0	72.7
65.6	83.0	62.4	71.1	96.8	0.0	73.3	97.5	94.8	61.8	73.5	65.5	86.2	69.3	95.3	59.9	75.9	75.7	67.9	98.2
70.6	71.8	84.7	83.5	85.9	82.4	0.0	59.8	83.7	69.7	70.3	57.5	80.7	86.0	72.7	71.4	87.9	81.0	77.5	78.7
90.4	68.2	66.4	94.7	95.5	92.3	84.4	0.0	55.5	69.8	82.5	82.3	99.5	60.3	64.8	87.0	79.9	88.9	93.4	99.5
92.7	88.8	90.2	72.3	77.8	66.6	66.4	56.6	0.0	68.3	65.4	82.7	77.8	62.5	55.3	72.1	80.4	72.4	66.3	91.3
93.3	59.9	55.7	89.8	61.6	77.6	98.6	63.7	68.2	0.0	59.8	69.5	58.1	72.9	67.0	56.8	95.9	89.8	93.9	78.0
76.4	64.2	82.2	99.2	55.8	90.2	89.0	65.3	88.7	98.8	0.0	74.3	93.5	98.0	72.1	98.0	59.3	83.4	83.3	85.7
89.0	98.7	83.3	66.4	90.1	69.6	90.5	78.9	77.7	99.4	81.3	0.0	60.0	80.4	70.4	92.6	72.1	93.2	85.9	86.2
68.0	60.3	89.9	90.7	84.1	94.2	71.1	60.0	60.7	65.6	61.9	86.8	0.0	79.1	86.4	87.4	85.6	95.4	57.2	59.7
76.7	98.7	82.6	72.0	92.8	69.3	83.0	78.5	55.0	66.7	59.9	84.5	82.2	0.0	55.5	72.4	94.9	86.3	83.2	93.2
60.5	90.4	69.2	69.6	90.5	79.8	71.8	86.7	61.2	86.8	69.1	76.2	61.8	60.5	0.0	91.1	67.6	95.6	83.1	56.2
99.2	76.3	81.9	67.7	86.2	67.9	65.3	74.5	65.8	65.4	77.9	63.0	68.4	95.6	64.2	0.0	69.3	98.8	84.8	88.4
62.2	92.8	72.5	66.6	96.6	84.4	75.9	82.7	91.8	57.5	62.1	92.2	98.5	91.5	86.2	99.3	0.0	85.4	96.0	59.4
66.0	71.3	90.9	72.1	70.2	73.2	89.4	56.0	82.5	92.4	61.5	71.1	78.1	55.1	81.6	75.0	72.8	0.0	55.7	83.8
93.8	77.9	84.4	73.7	70.4	75.2	63.3	65.6	73.7	67.9	96.7	92.4	59.5	92.3	97.2	64.5	79.6	64.3	0.0	73.1
83.6	70.2	70.0	69.5	80.5	69.1	95.9	90.3	97.2	86.2	83.8	75.6	91.3	98.4	65.7	91.8	97.6	69.1	56.7	0.0
0.0	87.4	70.1	96.3	88.6	85.4	99.8	79.2	81.0	90.7	55.1	65.6	91.1	69.5	63.7	99.4	76.5	77.4	80.5	82.2
78.3	0.0	62.0	62.8	62.7	84.1	82.0	85.1	96.1	81.6	79.3	61.7	70.0	72.0	79.0	99.6	77.7	70.1	55.1	70.6
88.1	90.8	0.0	65.3	57.6	98.3	92.2	73.1	96.1	61.2	61.1	82.1	60.3	59.6	76.7	92.8	80.0	92.0	59.9	71.2
86.3	99.5	70.4	0.0	84.7	99.6	80.5	96.2	77.7	94.3	82.8	93.4	71.1	74.0	81.2	73.0	81.7	75.6	70.6	60.5
86.3	64.0	74.9	93.6	0.0	79.2	75.7	70.0	79.4	67.2	72.0	61.3	93.1	96.6	70.4	72.2	93.7	91.4	67.3	86.4
68.9	79.3	60.5	56.5	89.1	0.0	81.0	61.4	67.1	81.8	58.0	77.8	60.4	88.9	57.8	63.8	75.0	61.4	72.4	60.3
95.4	94.5	83.8	99.9	82.7	67.0	0.0	73.6	60.6	70.6	97.9	56.7	78.8	84.4	69.8	73.8	91.3	99.0	79.2	69.6
81.9	55.4	87.5	72.0	75.9	83.7	89.4	0.0	69.7	84.1	90.6	92.9	59.6	93.8	55.8	90.4	91.4	78.2	84.7	90.9
98.1	71.2	68.8	90.7	96.6	77.8	91.4	66.2	0.0	65.8	85.0	95.2	75.8	80.6	89.7	55.8	97.7	61.3	91.2	96.1
73.8	56.5	60.1	88.8	71.2	60.3	94.7	82.5	96.0	0.0	84.2	99.6	96.2	84.5	93.0	69.6	79.5	88.7	98.1	98.4
56.5	72.6	67.1	68.4	72.4	97.6	72.5	99.3	57.9	70.5	0.0	78.3	87.6	60.5	82.7	97.0	60.3	91.4	88.1	55.4
62.3	62.8	76.2	62.5	80.1	88.7	88.7	56.7	77.7	66.2	59.7	0.0	58.4	55.6	78.7	71.7	91.3	83.3	85.5	62.2
74.4	90.8	99.2	72.1	62.2	73.6	62.4	72.4	73.3	55.4	61.2	78.2	0.0	89.7	79.9	94.8	86.6	76.0	99.2	87.2
63.1	95.7	80.1	66.7	70.7	65.4	76.3	97.0	76.1	94.9	94.7	93.0	60.5	0.0	74.2	87.0	85.9	94.2	73.8	55.0
70.6	89.5	66.6	60.8	99.0	65.5	61.3	72.3	88.6	87.0	74.4	96.9	86.5	91.6	0.0	95.0	55.1	67.4	55.2	56.2
85.5	70.8	69.1	68.8	79.7	71.2	96.3	79.6	65.6	72.0	96.1	69.4	95.2	56.1	90.6	0.0	60.8	66.5	76.1	91.7
69.4	63.0	95.0	71.3	58.6	60.1	79.6	83.2	87.3	84.5	59.4	87.3	82.4	72.2	89.6	59.8	0.0	79.8	96.0	94.0
92.3	76.6	70.1	90.4	75.9	93.7	67.7	62.6	86.8	96.0	82.9	77.1	62.2	71.4	73.2	95.8	67.0	0.0	83.6	78.3
93.9	74.6	82.8	57.7	94.5	84.7	87.5	83.3	95.0	66.5	80.3	65.4	81.4	67.5	87.9	62.2	65.4	59.0	0.0	66.2
76.0	78.6	73.5	62.6	81.6	83.3	89.1	78.9	60.0	72.7	72.4	90.3	77.9	59.6	70.2	96.6	73.9	97.8	91.1	0.0
0.0	98.9	74.8	82.0	99.2	67.6	59.2	98.7	62.5	83.0	60.7	72.9	68.6	74.9	64.2	67.0	61.5	74.9	69.7	95.8
81.1	0.0	72.5	95.3	75.5	91.7	89.3	75.3	79.5	73.3	73.4	77.0	70.6	87.1	65.5	95.9	91.0	65.1	66.8	65.7
72.9	74.6	0.0	63.4	77.6	61.1	82.2	99.2	59.2	56.8	59.8	65.3	67.4	95.1	56.2	92.9	71.4	94.7	76.7	67.9
71.5	94.1	78.3	0.0	57.8	70.7	67.9	88.3	62.7	86.8	69.5	66.2	77.0	71.8	98.6	68.3	90.7	70.8	61.7	80.7
71.3	97.1	86.3	79.8	0.0	78.1	62.3	66.9	89.7	87.6	65.9	77.0	80.8	80.4	69.4	88.3	76.4	72.4	61.7	84.7
72.2	98.4	68.3	83.4	99.3	0.0	89.0	64.2	96.9	63.3	56.9	71.4	78.4	85.6	81.8	81.6	78.0	88.5	97.1	75.8
59.3	83.0	68.6	90.2	75.5	56.9	0.0	89.0	90.9	62.3	76.7	98.3	67.6	98.8	93.2	99.2	96.2	90.8	64.2	67.6
99.0	89.6	56.4	88.1	83.6	83.6	96.7	0.0	55.2	55.8	85.1	79.3	99.5	83.8	77.9	63.4	82.7	59.9	97.8	80.2
58.2	63.5	83.3	93.8	60.5	83.1	69.5	94.3	0.0	84.8	72.2	79.9	85.6	75.6	94.9	73.9	55.5	57.8	84.0	95.0
56.4	85.4	91.3	79.9	87.2	81.9	63.4	87.4	92.6	0.0	55.1	72.0	62.1	93.0	96.5	70.8	68.2	99.2	57.1	80.7
76.4	56.1	56.0	85.7	68.5	85.3	95.4	68.9	64.8	73.1	0.0	64.8	86.1	66.4	61.4	95.5	64.6	57.3	64.5	98.1
63.7	91.3	61.5	78.0	62.9	93.3	78.1	87.9	62.7	84.2	62.4	0.0	98.1	61.4	93.4	62.7	84.9	79.6	60.6	85.6
87.8	70.1	66.0	65.1	61.3	93.4	72.9	94.5	76.4	60.0	86.9	67.7	0.0	91.4	68.4	64.1	55.1	80.6	92.5	86.0
65.5	88.1	65.7	74.9	58.7	55.4	82.8	92.9	86.0	61.6	73.9	98.6	76.1	0.0	95.9	65.0	84.3	71.1	92.6	64.1
77.5	88.5	77.5	57.8	90.7	60.0	84.3	94.8	90.8	65.6	62.3	67.8	73.4	62.5	0.0	93.0	87.2	73.7	71.9	99.0
81.2	97.4	86.7	62.3	80.6	89.6	96.6	61.1	80.7	55.4	70.1	78.9	90.5	64.6	65.4	0.0	93.0	76.3	77.7	92.6
66.7	96.4	87.6	83.7	80.0	94.1	70.6	57.4	69.7	94.4	91.3	62.0	92.6	94.3	84.1	59.1	0.0	73.5	67.4	80.8
57.4	59.4	98.1	81.4	88.4	65.9	75.7	98.1	95.6	76.4	91.1	97.6	93.9	82.9	97.7	65.8	89.8	0.0	55.6	83.5
83.5	56.2	91.4	66.2	80.8	79.8	86.7	85.8	57.1	94.6	89.2	87.5	74.8	85.2	56.7	85.4	95.8	93.7	0.0	63.4
76.9	56.6	97.8	56.9	92.5	96.6	66.0	96.5	91.9	76.9	55.1	95.9	82.6	77.5	70.4	87.0	67.2	79.3	88.1	0.0
0.0	64.2	63.2	60.0	68.2	80.6	95.4	73.0	59.0	67.2	94.9	89.2	94.1	77.8	56.9	92.6	73.1	92.7	73.9	64.4
75.5	0.0	90.8	80.1	77.7	67.2	81.2	59.2	72.7	77.1	63.0	61.5	72.8	91.9	79.1	98.9	81.3	89.9	85.0	93.5
84.9	88.1	0.0	64.5	58.1	100.0	77.6	61.2	88.8	68.1	56.4	87.2	57.8	89.1	79.8	88.8	69.0	87.7	71.7	75.1
74.8	93.4	81.1	0.0	96.4	78.2	61.2	61.1	85.2	67.2	86.9	79.7	87.2	56.6	61.4	94.7	94.1	97.0	63.7	60.4
83.4	94.7	88.1	57.6	0.0	88.2	89.7	98.9	84.1	68.8	93.3	93.1	73.1	98.4	59.5	59.4	63.9	93.4	70.9	90.1
98.0	96.6	86.7	94.2	93.3	0.0	83.4	68.0	60.0	66.8	80.8	95.9	99.5	99.5	64.8	92.8	72.2	65.0	92.4	75.7
94.2	97.7	57.0	85.9	67.6	58.9	0.0	93.3	89.0	85.2	80.7	80.4	94.1	82.3	85.9	67.6	86.3	67.2	85.9	73.7
97.4	67.6	57.1	86.6	72.6	76.4	76.6	0.0	77.9	78.8	66.0	84.4	99.7	67.2	83.4	81.2	83.3	96.0	83.0	76.6
77.8	97.6	80.4	91.0	99.8	85.9	97.4	64.0	0.0	97.0	69.1	82.1	60.7	90.3	94.0	88.7	94.5	94.4	60.9	95.6
89.9	78.7	92.7	83.8	72.3	98.1	56.2	62.5	92.4	0.0	94.7	72.1	63.0	81.7	78.5	92.5	83.6	71.1	59.0	81.1
74.0	85.9	82.4	56.4	88.6	73.0	83.3	99.9	65.3	74.7	0.0	57.5	56.6	84.0	71.3	71.3	90.2	90.5	58.0	85.3
58.3	80.5	66.4	94.8	97.4	78.5	91.7	63.2	77.3	95.3	83.9	0.0	61.1	72.8	86.5	71.3	88.5	60.2	63.9	80.9
87.9	77.4	97.7	67.9	60.8	56.3	77.5	81.8	71.6	87.1	90.2	72.3	0.0	65.9	85.5	91.7	76.9	90.7	94.1	56.2
86.0	96.6	75.5	87.7	78.6	88.4	64.0	85.6	58.5	59.1	77.3	72.7	75.1	0.0	86.2	82.8	73.5	82.3	76.1	66.0
59.9	66.9	74.0	96.1	92.6	72.5	64.6	95.0	81.5	90.5	69.4	64.6	87.5	90.1	0.0	84.6	99.3	69.8	66.9	78.7
92.6	82.0	96.6	60.7	66.4	93.1	73.7	89.9	68.5	66.3	59.2	73.7	82.3	83.5	90.5	0.0	79.8	87.1	88.8	99.8
86.1	66.4	91.5	56.2	83.6	89.2	78.1	60.2	79.1	62.3	65.7	78.0	68.0	61.6	79.7	92.1	0.0	80.5	88.7	56.7
68.3	89.7	81.4	62.8	83.3	55.9	81.5	57.1	60.8	72.3	95.6	69.1	93.4	83.9	76.2	97.0	99.6	0.0	86.3	88.0
95.5	80.7	58.7	61.2	79.7	86.3	98.5	75.4	71.5	95.8	88.6	70.5	72.6	63.0	87.9	69.3	74.4	76.2	0.0	92.6
80.1	90.6	83.6	59.4	91.7	71.6	98.8	96.6	93.4	82.8	82.9	69.4	92.0	60.4	91.2	63.0	95.9	77.3	76.6	0.0
0.0	65.1	80.9	63.1	85.7	58.1	59.6	91.5	73.1	99.5	88.3	89.8	90.9	87.0	74.9	82.8	91.2	74.7	87.7	89.7
95.5	0.0	76.4	63.8	96.7	71.8	98.4	59.2	90.5	79.1	99.7	75.1	77.6	62.2	76.3	66.5	93.6	65.0	76.3	86.3
93.9	56.7	0.0	82.9	97.7	76.0	57.9	55.8	87.7	65.2	58.6	58.7	95.7	77.8	55.6	70.6	58.6	83.4	71.0	59.2
71.2	61.9	75.4	0.0	59.9	56.7	98.9	57.6	76.9	92.7	80.4	70.5	59.9	75.2	70.3	99.6	78.2	55.2	59.5	88.4
81.7	74.0	72.1	86.4	0.0	99.1	77.3	72.0	69.2	75.0	66.8	91.4	90.9	85.3	78.2	83.2	86.8	92.6	69.7	58.9
57.7	59.4	71.7	87.5	80.0	0.0	88.4	64.6	57.4	62.5	62.3	95.4	56.5	60.2	79.2	89.9	64.8	57.7	67.7	79.5
72.2	63.5	77.6	57.4	96.0	77.2	0.0	61.8	60.2	72.2	97.6	74.0	72.3	93.6	75.4	73.5	58.1	87.6	86.7	60.1
88.6	55.0	86.2	75.8	95.4	88.1	97.5	0.0	64.0	82.9	75.9	95.9	60.9	82.6	81.9	98.4	70.5	93.7	60.7	78.4
63.6	90.3	78.7	92.8	83.7	74.1	85.5	89.3	0.0	74.0	94.7	72.0	71.8	58.7	87.6	89.5	84.0	61.3	62.7	91.9
61.1	64.3	81.3	81.8	60.1	96.7	93.8	77.7	72.7	0.0	82.0	77.6	79.0	91.4	78.2	76.4	98.8	83.5	96.2	91.3
62.0	99.3	55.2	56.5	87.3	56.4	63.2	77.5	93.4	93.7	0.0	73.6	71.5	56.3	58.1	97.8	82.4	79.8	69.0	69.6
65.0	77.3	90.8	62.4	70.8	56.3	71.0	92.9	72.3	96.4	86.0	0.0	55.7	61.1	90.8	69.1	62.5	80.4	83.4	67.8
94.3	83.8	70.2	71.9	70.1	91.3	55.5	82.4	98.3	96.6	83.6	93.2	0.0	78.8	64.7	55.9	92.3	57.8	60.6	75.4
77.4	92.0	71.3	93.4	73.4	57.0	84.9	56.9	77.4	96.6	73.4	83.3	90.8	0.0	93.8	57.4	90.1	93.0	66.7	64.5
67.5	61.4	75.5	56.5	81.5	65.1	75.2	58.1	87.6	70.2	79.3	79.3	71.1	86.5	0.0	87.6	73.5	98.3	94.8	66.4
59.6	85.2	90.2	89.1	74.9	99.0	95.0	89.6	57.0	65.0	69.5	68.0	87.1	99.2	99.1	0.0	83.2	96.8	69.8	75.5
61.2	84.1	61.4	58.4	77.8	79.9	93.8	84.2	62.0	73.8	81.6	61.0	85.4	81.1	90.7	66.9	0.0	55.1	66.8	99.4
67.0	83.7	70.8	65.2	60.7	78.6	71.8	82.7	63.4	92.8	87.4	77.4	98.2	94.8	75.0	96.9	88.6	0.0	55.7	91.3
57.0	97.2	61.3	85.6	90.8	75.3	94.9	83.8	69.6	75.2	97.8	87.9	64.2	59.8	66.6	86.0	91.1	80.6	0.0	99.6
74.1	95.5	70.5	99.9	56.1	77.2	74.7	82.0	73.0	98.4	55.4	64.9	60.2	65.4	67.3	64.8	96.8	98.3	82.2	0.0
0.0	85.1	56.3	65.1	58.0	71.1	96.3	62.2	62.4	65.5	56.4	72.2	96.6	74.1	88.1	55.2	78.1	91.2	80.5	85.4
84.8	0.0	88.7	96.9	77.9	86.6	87.8	94.4	80.3	65.8	95.0	79.1	90.3	91.0	77.0	87.3	77.2	55.1	55.3	68.1
72.2	75.3	0.0	79.9	79.9	71.0	76.2	91.4	57.5	74.3	97.0	91.2	99.0	82.7	66.0	55.2	77.5	59.8	98.8	83.4
72.6	95.5	58.3	0.0	65.5	59.1	68.4	62.4	64.9	89.8	88.6	73.0	60.9	70.8	94.0	72.3	87.9	75.3	99.7	64.6
99.2	59.8	78.6	80.6	0.0	71.2	62.3	68.0	81.1	97.0	66.5	81.4	90.8	55.3	95.3	69.4	76.3	64.7	78.4	80.8
97.0	84.1	63.4	90.7	94.5	0.0	75.3	70.3	55.9	88.2	90.1	82.2	61.7	97.3	93.4	90.4	93.9	63.1	96.1	99.7
97.2	92.3	68.9	98.2	69.5	63.3	0.0	67.3	81.8	82.7	64.8	73.9	72.9	78.5	63.1	68.4	85.1	59.3	80.5	57.4
76.5	84.8	93.3	83.8	98.3	79.4	67.5	0.0	64.6	56.9	88.5	84.2	88.3	72.1	83.0	82.3	62.9	92.3	95.0	68.7
71.1	75.7	80.0	65.2	74.9	63.3	94.8	94.3	0.0	96.1	85.0	67.4	73.0	59.1	57.6	60.5	97.2	65.8	99.1	64.6
65.3	82.3	59.3	93.6	89.3	74.8	72.6	73.0	97.5	0.0	94.5	69.3	85.0	81.8	65.2	89.2	90.6	63.6	64.4	93.2
95.1	88.8	68.7	72.7	97.1	62.3	69.6	71.4	93.0	74.9	0.0	93.0	66.3	88.4	80.2	86.9	66.9	68.1	81.9	63.2
69.1	57.4	58.9	72.2	55.8	88.0	87.8	57.8	60.4	74.6	92.1	0.0	70.1	88.6	87.8	85.5	81.3	86.6	85.2	81.6
92.9	70.4	87.1	90.5	87.2	67.2	93.1	90.2	96.2	73.2	71.4	74.7	0.0	72.0	97.8	79.0	84.0	59.0	74.5	94.7
74.8	77.7	55.4	76.8	76.3	78.7	90.6	63.9	72.9	62.2	58.0	93.2	73.3	0.0	62.9	93.1	74.8	95.3	85.5	67.0
94.3	66.6	83.2	96.7	55.4	56.8	71.5	98.3	65.8	82.0	63.3	65.8	92.8	98.6	0.0	81.3	61.8	56.6	98.8	74.5
77.3	80.8	70.6	69.8	85.2	66.1	99.1	80.3	91.6	86.6	68.8	84.0	71.6	56.9	68.9	0.0	67.5	76.3	89.4	74.8
59.6	72.5	66.6	99.4	74.2	81.8	81.3	90.1	67.8	84.1	81.8	75.2	78.1	67.5	85.4	55.7	0.0	97.7	76.2	79.3
66.4	99.8	91.0	61.7	67.1	79.9	97.9	85.7	64.0	93.0	86.5	97.8	87.9	61.9	67.4	99.7	81.6	0.0	75.8	77.1
69.4	76.6	60.5	58.1	58.2	81.5	62.4	74.5	62.8	82.5	60.8	75.0	89.0	90.4	67.3	92.7	91.6	81.8	0.0	57.2
74.5	84.4	69.5	75.7	75.2	81.1	70.4	84.5	89.3	86.2	65.1	75.1	87.1	80.6	85.3	74.5	80.6	74.8	63.9	0.0
0.0	92.7	71.5	71.5	57.0	64.1	75.9	58.2	81.7	79.5	96.6	90.6	99.5	91.1	71.7	67.9	97.2	79.4	67.4	88.1
64.7	0.0	98.5	97.1	79.7	79.0	70.9	96.7	90.9	84.0	77.7	76.6	72.1	73.3	79.8	71.6	69.4	92.8	92.6	55.4
87.9	66.4	0.0	88.9	66.6	66.0	98.1	90.1	76.5	85.1	80.2	80.1	87.0	61.2	58.1	78.2	93.0	79.9	57.3	88.0
87.5	94.7	75.1	0.0	72.7	88.1	68.3	75.1	68.1	75.3	74.6	71.1	61.8	71.3	72.6	99.1	97.2	90.2	57.4	56.5
85.2	94.7	97.6	92.3	0.0	79.8	75.4	86.4	89.2	87.7	83.2	81.7	66.2	84.2	77.8	71.7	77.6	59.2	73.4	88.5
63.0	77.8	58.4	93.4	73.5	0.0	67.3	96.0	92.9	58.8	77.1	71.7	67.6	71.4	83.8	96.0	68.7	94.6	76.1	56.5
96.3	70.5	78.1	62.0	79.6	56.0	0.0	76.9	99.4	64.9	98.1	63.9	98.8	61.5	75.7	98.2	59.7	86.5	86.2	91.0
83.9	98.4	65.7	70.3	95.8	58.3	81.5	0.0	72.4	95.9	74.5	73.1	82.0	60.0	66.5	62.5	76.2	62.8	68.6	57.6
64.5	93.0	63.7	92.7	61.8	90.3	96.1	68.1	0.0	86.6	60.4	93.2	69.3	96.6	56.6	92.6	69.3	81.8	89.1	63.0
70.4	86.5	79.3	91.0	87.7	60.5	58.4	70.2	93.2	0.0	99.8	63.7	92.3	77.9	60.4	76.7	99.3	89.0	77.5	67.7
70.1	55.2	65.4	69.4	92.8	82.7	94.4	81.2	73.0	72.7	0.0	98.4	65.9	75.4	72.2	88.9	68.9	58.7	83.1	81.1
56.5	71.3	75.2	95.8	96.3	67.6	98.5	68.5	64.3	64.9	82.1	0.0	93.4	70.9	92.7	93.1	82.0	82.0	88.7	75.8
91.2	75.1	73.0	74.7	87.7	55.7	88.2	66.4	69.5	83.3	87.3	72.9	0.0	63.1	63.9	89.7	86.4	86.2	69.7	99.2
92.1	92.4	78.2	58.0	99.2	71.5	75.5	99.1	72.3	73.0	95.7	74.9	60.7	0.0	85.8	62.4	72.0	81.1	76.8	90.2
56.6	87.7	57.7	77.1	88.4	74.4	72.4	86.4	73.3	83.0	62.1	95.7	98.3	89.3	0.0	75.2	79.3	93.3	70.2	77.7
71.8	79.2	92.0	57.0	61.0	55.4	78.9	56.3	98.6	55.6	58.2	79.4	86.4	77.7	56.0	0.0	62.8	93.0	63.1	89.0
69.3	82.4	84.1	58.8	66.8	93.6	83.1	63.5	83.3	95.4	92.7	79.1	93.9	56.8	92.0	96.9	0.0	80.0	61.1	89.7
92.9	94.2	96.1	67.9	98.3	83.5	78.0	81.2	98.6	68.6	70.9	70.1	55.2	89.5	96.8	83.1	74.6	0.0	78.3	88.5
99.7	68.2	96.2	55.0	80.6	93.8	79.7	60.1	80.7	70.3	84.8	98.8	79.3	85.4	59.7	86.5	74.4	88.0	0.0	60.3
81.8	87.0	80.4	64.9	93.9	91.3	94.2	83.9	60.2	91.6	61.4	89.9	77.4	60.2	59.5	70.6	64.0	61.8	85.8	0.0
0.0	97.3	97.4	94.8	65.0	93.9	80.8	55.1	80.7	95.3	83.9	81.3	59.8	58.3	93.1	56.6	63.8	60.1	72.9	98.5
65.6	0.0	67.7	91.3	65.7	87.4	89.3	95.6	80.9	83.7	83.3	79.6	81.8	80.1	90.6	74.8	81.3	93.8	99.5	67.3
91.5	66.8	0.0	96.4	85.4	86.2	94.0	82.7	95.5	63.4	68.2	78.4	56.2	61.7	57.2	67.0	57.5	84.0	74.5	72.5
95.2	72.3	88.7	0.0	84.5	71.7	90.7	69.6	99.3	65.5	96.3	60.4	70.9	56.7	82.0	84.4	94.7	83.2	65.2	79.4
90.2	92.4	60.9	80.0	0.0	59.4	96.0	74.2	67.4	78.1	82.4	67.3	57.7	80.6	75.6	90.6	56.9	75.6	58.6	72.8
65.3	88.2	88.3	86.7	56.0	0.0	68.4	56.7	71.8	77.7	86.8	90.5	72.6	61.4	85.8	96.1	69.2	86.2	96.9	64.2
71.1	79.3	94.3	57.2	70.2	81.0	0.0	73.1	62.5	59.1	59.3	76.2	76.7	85.3	84.9	86.5	66.4	56.8	57.4	82.5
98.9	77.3	86.5	92.3	67.4	74.6	60.1	0.0	57.5	62.2	97.4	65.3	95.5	58.1	60.9	76.9	87.9	65.5	97.0	93.7
80.7	59.8	82.6	70.4	89.4	89.4	68.8	95.8	0.0	90.7	72.3	65.6	77.5	95.8	76.1	56.8	87.1	74.7	55.5	79.3
65.9	82.4	88.4	68.2	79.7	96.1	78.8	80.3	58.3	0.0	64.0	61.7	79.0	67.9	57.4	75.6	69.3	61.4	56.7	88.9
70.4	76.3	65.0	58.2	83.6	85.3	93.5	79.7	56.9	62.4	0.0	89.2	59.6	89.1	70.5	62.9	58.9	94.5	95.1	59.0
73.4	88.8	67.2	70.6	83.2	56.2	93.8	98.8	59.4	65.1	81.5	0.0	98.9	61.8	93.4	71.5	99.1	62.9	67.5	92.7
91.7	85.9	76.0	81.0	79.1	74.5	76.5	96.0	65.9	58.9	82.6	60.6	0.0	56.5	57.7	60.8	87.4	73.6	91.1	70.4
91.2	57.7	90.0	69.4	66.5	60.1	59.0	72.3	74.0	75.5	56.9	84.3	62.7	0.0	63.9	79.7	73.9	77.5	87.8	94.9
63.8	56.0	73.4	90.5	81.1	74.1	72.3	64.0	91.9	98.2	66.2	75.8	92.6	83.1	0.0	69.6	82.1	58.1	63.7	56.4
97.8	91.0	56.9	69.3	71.0	91.7	94.7	74.8	96.6	66.9	66.7	78.9	61.3	59.7	55.9	0.0	80.5	87.6	55.7	61.6
86.5	61.5	69.4	98.0	61.1	66.1	76.6	78.4	95.9	61.6	71.5	98.6	61.8	83.2	89.9	82.2	0.0	76.5	62.7	88.3
88.9	60.6	61.8	88.5	67.2	99.9	87.5	89.1	82.6	79.6	74.6	79.3	98.3	82.5	84.4	92.8	80.1	0.0	59.5	97.4
87.7	60.3	66.8	70.3	91.8	65.3	72.3	92.0	95.2	76.1	71.7	56.8	87.1	80.4	90.4	88.8	97.5	72.1	0.0	59.7
82.0	59.5	91.0	99.6	89.8	85.7	88.5	63.3	97.2	55.4	78.4	89.2	99.7	87.9	58.0	80.8	80.8	83.8	60.9	0.0
0.0	68.3	67.5	55.3	91.8	69.0	73.3	70.3	57.4	64.9	61.9	98.4	87.4	73.3	88.0	90.3	83.6	71.1	60.5	63.5
95.6	0.0	91.2	87.7	84.8	87.4	90.6	68.7	61.4	98.8	72.3	75.5	59.1	67.0	60.3	92.0	83.8	71.9	56.9	67.2
63.3	99.2	0.0	72.3	99.4	77.8	67.5	86.3	90.7	93.2	61.5	61.4	84.7	83.1	62.7	69.0	56.3	68.0	67.9	90.4
65.9	86.5	72.4	0.0	60.6	64.7	77.1	82.9	59.3	60.2	98.1	71.9	56.6	74.3	77.0	81.3	74.8	62.0	60.4	85.6
61.0	89.5	76.5	74.1	0.0	97.0	86.3	84.5	76.4	59.6	77.1	61.2	82.4	93.2	79.9	79.2	64.3	73.4	72.8	90.1
55.7	66.7	96.7	94.4	97.4	0.0	60.7	65.9	71.1	83.3	81.4	94.7	97.5	82.6	71.6	82.3	88.1	62.8	77.1	64.6
70.0	97.4	94.4	56.0	79.1	74.0	0.0	77.6	57.5	97.0	85.6	83.9	79.3	56.7	64.4	95.9	55.6	63.7	64.9	83.7
59.3	64.0	72.5	57.0	60.3	60.5	67.7	0.0	77.0	63.5	68.6	64.2	64.8	75.4	84.7	71.7	88.8	87.7	82.3	76.6
70.5	59.9	97.7	81.9	89.8	61.8	92.6	95.0	0.0	64.2	87.0	87.4	69.1	88.5	83.5	90.9	73.7	79.5	96.1	55.2
61.1	64.2	59.5	79.1	91.5	68.9	71.3	80.5	86.2	0.0	69.0	99.3	90.6	86.7	79.7	86.3	90.2	99.9	83.4	82.8
66.6	73.8	65.8	61.4	92.2	69.1	66.8	90.0	81.0	87.7	0.0	85.8	86.7	89.2	97.9	81.5	91.9	85.9	92.9	65.3
74.4	98.1	90.0	84.0	60.3	89.6	73.9	84.4	56.4	72.6	84.0	0.0	78.9	76.2	61.9	65.6	79.5	69.4	67.2	89.4
75.7	56.9	66.2	67.7	90.5	77.2	67.3	69.4	62.8	60.2	87.7	60.8	0.0	57.0	65.4	67.8	78.8	69.7	86.6	70.9
69.2	64.5	88.1	78.2	83.7	97.7	56.6	86.7	90.4	96.4	65.4	76.9	95.5	0.0	96.5	74.5	58.6	70.1	55.1	90.6
74.9	60.2	81.1	89.3	66.3	57.1	92.0	73.6	96.3	57.7	90.4	98.8	93.1	66.3	0.0	80.8	79.6	62.7	95.8	76.9
75.8	73.9	94.9	59.6	86.6	89.9	72.7	85.3	73.0	67.6	61.0	83.4	58.7	77.8	74.0	0.0	86.8	92.1	55.2	64.6
82.0	81.6	80.0	88.7	72.2	93.7	90.1	72.5	77.7	60.6	78.9	83.7	71.9	56.9	80.4	95.4	0.0	65.2	64.7	78.5
97.3	63.1	58.3	86.9	94.9	75.1	83.4	65.7	75.4	74.8	85.2	89.5	77.3	56.6	94.1	91.5	81.7	0.0	87.6	99.6
62.3	88.5	93.8	88.9	60.3	66.2	96.5	79.5	85.0	66.3	55.2	98.8	62.8	62.1	69.0	91.1	74.0	86.0	0.0	68.5
91.5	77.5	73.6	77.2	68.5	59.7	79.9	72.6	88.2	61.8	84.9	96.3	78.2	63.0	60.1	93.1	91.2	91.4	97.3	0.0
0.0	98.3	93.4	86.8	73.2	64.3	74.3	91.4	69.6	63.9	77.8	93.2	89.2	90.7	93.8	99.7	92.2	86.5	94.7	79.4
97.2	0.0	70.5	73.8	74.7	93.7	67.0	87.6	82.8	62.6	60.7	61.1	90.0	78.3	91.4	84.9	79.4	74.9	96.7	75.0
69.9	61.9	0.0	70.8	58.5	57.1	55.1	57.9	79.8	68.8	99.0	61.2	55.9	62.4	80.2	97.0	88.6	66.8	89.5	99.3
79.0	69.1	91.9	0.0	70.8	68.9	68.8	73.8	83.7	94.3	98.5	97.1	68.1	76.5	86.2	86.5	73.9	96.4	97.8	78.2
84.9	74.0	94.5	83.6	0.0	80.4	69.1	83.6	89.1	94.1	90.1	78.9	57.8	85.9	76.2	74.2	87.6	86.6	87.7	92.4
64.7	94.7	60.1	86.0	84.8	0.0	87.0	62.6	85.3	89.2	99.8	69.5	76.4	68.7	87.8	73.4	92.5	83.7	89.0	87.6
74.4	64.5	75.1	81.4	86.3	79.1	0.0	73.7	91.0	95.8	67.0	75.2	60.9	63.6	98.0	81.0	78.0	89.5	87.4	94.7
57.1	81.4	78.4	95.1	86.9	87.5	57.2	0.0	70.1	57.3	98.4	71.1	58.8	91.0	77.6	73.1	59.0	91.6	63.4	80.6
88.3	89.2	80.8	60.2	81.2	86.3	68.7	79.3	0.0	93.0	69.7	80.3	74.1	94.6	63.5	68.3	95.2	58.7	89.3	75.1
93.1	77.5	61.2	89.2	81.1	89.9	85.4	66.1	81.9	0.0	72.0	92.8	67.0	65.7	59.5	81.6	68.7	99.0	62.1	80.1
63.5	89.2	74.1	99.0	65.2	91.5	68.4	58.7	86.4	57.5	0.0	82.9	95.2	68.3	84.6	57.8	70.6	58.5	63.0	92.0
88.7	93.3	75.3	87.6	68.2	98.4	99.6	74.2	64.5	75.4	90.1	0.0	59.9	77.1	58.5	62.2	65.5	68.1	92.2	89.9
97.7	83.3	72.5	55.7	62.9	71.1	83.7	91.7	95.6	84.0	95.7	87.5	0.0	99.5	83.5	67.7	77.0	88.4	66.5	59.0
56.2	89.7	73.7	81.7	58.0	74.1	77.2	82.8	72.0	87.0	88.5	97.8	91.0	0.0	69.3	96.5	88.8	62.2	92.8	93.5
62.0	83.6	69.2	89.2	56.2	73.7	75.2	97.6	71.5	71.0	82.5	91.5	66.0	55.8	0.0	63.5	88.4	73.9	77.4	89.4
70.9	84.5	85.7	71.1	85.6	99.3	61.0	63.0	98.9	93.8	76.0	68.9	86.3	97.7	62.4	0.0	77.3	56.8	98.5	82.6
65.0	58.3	55.1	81.0	90.5	85.1	97.7	99.4	57.0	77.0	96.6	93.7	67.1	60.2	56.1	87.1	0.0	95.4	60.1	65.4
74.3	62.1	79.6	91.2	55.5	69.8	92.7	59.3	74.9	96.7	70.7	63.0	62.7	60.2	58.9	68.2	93.5	0.0	91.7	98.7
99.2	93.1	66.4	81.0	82.5	74.5	79.4	82.7	95.3	88.0	92.6	72.2	82.3	67.5	87.2	99.3	73.1	79.1	0.0	98.8
85.3	87.4	55.2	69.0	79.1	89.8	78.8	62.5	62.3	67.0	63.9	84.1	97.5	62.3	88.3	81.2	56.1	96.1	96.6	0.0
0.0	80.4	70.8	56.6	78.3	88.9	86.2	79.8	84.8	64.3	59.9	83.1	99.9	97.1	83.8	90.8	69.6	78.6	69.0	91.9
68.8	0.0	71.0	59.3	69.1	64.1	80.5	68.7	55.8	81.6	74.7	88.6	68.2	81.2	85.2	67.9	98.3	85.9	67.5	57.3
63.0	79.0	0.0	80.6	79.7	76.7	81.6	86.5	68.0	77.5	98.4	99.9	55.4	91.9	82.7	82.4	84.9	95.8	81.7	82.2
67.2	81.9	97.4	0.0	65.6	64.4	70.0	71.6	56.4	94.5	68.3	73.2	98.4	85.5	65.3	73.5	91.9	85.6	90.3	70.5
78.0	97.7	82.6	62.1	0.0	78.3	74.6	60.5	61.2	71.9	58.1	58.1	78.6	78.8	72.1	56.6	91.0	73.4	95.6	82.2
70.1	79.0	91.2	60.2	70.1	0.0	95.9	86.2	63.4	62.8	81.4	96.4	91.0	79.6	86.4	73.6	86.3	64.9	84.0	65.5
64.9	91.1	60.5	88.4	71.1	99.6	0.0	57.0	99.4	88.4	92.5	66.3	99.5	67.3	72.4	71.7	91.9	74.2	83.4	83.4
73.4	55.9	76.0	58.1	74.4	68.2	61.3	0.0	72.7	65.0	85.1	94.5	79.8	56.3	94.8	75.2	64.6	60.7	63.7	66.7
81.4	66.9	69.0	60.7	59.1	58.4	79.8	96.6	0.0	85.7	82.2	90.0	97.0	72.6	63.1	84.3	94.4	70.2	64.2	92.4
89.2	89.9	79.0	84.9	99.2	55.3	65.8	55.9	83.6	0.0	90.6	73.9	76.9	69.0	99.2	77.0	58.1	74.8	63.7	91.3
98.9	89.9	74.7	88.2	65.8	72.8	86.4	87.9	67.9	67.9	0.0	88.4	64.0	77.6	63.4	81.7	55.6	77.6	61.7	65.6
59.8	75.4	91.7	57.0	78.0	65.7	64.4	78.4	75.0	94.5	60.8	0.0	89.5	98.8	56.4	83.1	72.3	91.2	64.2	60.6
67.4	80.8	90.1	84.5	59.0	83.2	59.9	65.6	69.1	73.7	81.5	71.5	0.0	55.6	69.2	88.8	88.5	90.6	76.6	68.0
87.7	65.4	56.0	97.9	61.2	57.2	82.6	77.9	88.0	92.1	62.4	64.3	91.3	0.0	65.4	61.5	55.7	68.5	65.8	77.1
73.3	85.3	78.3	80.7	73.4	89.9	85.6	67.0	81.9	97.7	88.0	64.8	90.6	78.4	0.0	85.4	85.6	73.0	89.9	91.7
94.5	57.1	80.8	71.5	74.8	94.8	91.1	70.4	97.1	67.7	83.6	87.8	98.0	88.9	96.0	0.0	82.0	93.6	88.7	97.0
90.9	95.7	80.3	87.8	62.3	60.2	93.4	62.3	64.4	98.6	76.8	61.9	68.1	85.9	69.8	88.2	0.0	88.7	67.0	81.4
55.3	96.2	81.7	99.6	63.6	94.9	92.8	74.7	60.1	86.2	69.2	97.6	98.6	90.3	80.5	72.3	83.3	0.0	57.8	55.3
64.8	81.0	64.2	86.7	70.5	63.6	85.6	94.5	57.6	60.8	73.1	99.8	56.2	89.4	90.2	70.4	82.0	71.4	0.0	80.1
94.2	80.0	69.7	62.2	64.4	77.4	59.2	100.0	71.7	82.1	61.0	95.5	58.4	84.0	72.0	86.1	58.9	98.1	88.0	0.0
0.0	94.8	58.2	67.7	84.3	71.8	83.1	66.9	64.7	81.8	89.9	95.8	73.9	85.4	81.0	83.0	59.6	68.6	69.3	59.5
64.0	0.0	63.6	93.6	96.6	73.8	70.2	82.3	90.6	63.8	92.8	73.5	91.4	84.7	96.2	60.1	68.6	55.3	69.7	74.5
60.8	88.8	0.0	84.6	71.4	58.1	96.9	67.3	76.9	91.8	71.1	73.7	92.3	83.0	100.0	72.9	94.7	78.5	96.0	72.9
64.1	95.6	92.6	0.0	90.3	78.0	80.6	90.7	56.6	85.7	90.9	84.9	86.0	66.0	92.3	89.6	70.2	57.1	80.8	63.0
97.2	81.3	89.7	66.3	0.0	81.7	94.5	67.5	95.6	69.0	99.8	78.3	73.8	75.2	72.0	68.8	98.6	58.2	95.2	74.4
58.0	85.2	88.3	68.2	97.6	0.0	85.7	72.0	93.7	91.7	57.0	63.2	80.5	87.9	86.4	69.0	90.7	64.4	59.2	78.3
72.3	77.8	86.8	87.6	73.1	96.3	0.0	57.2	96.9	60.7	79.8	59.9	84.4	77.9	70.6	79.0	72.2	80.5	86.9	95.5
95.2	75.7	62.2	59.4	73.9	69.6	83.7	0.0	67.1	87.3	62.6	89.0	68.2	66.1	87.6	56.6	92.9	79.9	97.9	92.3
74.8	71.7	94.1	61.8	59.2	74.3	57.6	93.1	0.0	60.0	90.6	81.0	89.8	88.4	61.0	65.2	61.0	75.0	73.3	85.5
61.5	59.0	77.1	76.2	79.6	89.5	94.4	90.6	63.3	0.0	83.3	85.9	59.4	89.4	73.8	85.8	81.0	57.3	80.4	72.7
98.7	92.9	97.2	74.7	91.3	95.9	81.3	74.6	91.1	84.8	0.0	76.7	93.6	57.2	98.6	97.7	70.8	58.2	99.4	71.4
84.5	65.3	58.4	95.0	96.8	89.2	93.0	72.3	58.1	78.1	61.6	0.0	70.7	88.2	64.6	74.3	82.6	76.5	67.0	88.6
84.0	92.6	61.2	81.3	71.8	64.6	70.6	88.2	73.8	60.2	62.2	62.9	0.0	92.5	66.9	88.1	78.5	90.6	99.5	72.4
68.5	92.5	91.5	99.6	89.2	55.9	64.1	60.3	68.0	84.6	86.6	75.6	58.9	0.0	66.9	76.8	97.0	88.5	64.7	78.2
58.1	69.3	83.6	87.8	58.2	86.1	63.2	72.3	84.7	59.3	87.2	67.2	93.7	99.9	0.0	85.7	75.8	94.8	56.9	66.3
74.5	83.2	89.3	86.6	77.5	72.0	94.7	63.0	55.9	60.7	72.2	61.1	62.4	78.0	80.0	0.0	57.3	95.5	83.1	67.7
59.4	91.1	75.1	69.5	89.0	99.8	88.2	55.2	87.5	84.2	74.1	90.0	63.9	98.8	86.2	56.2	0.0	91.2	98.1	59.8
67.5	88.1	87.2	75.0	77.1	67.4	84.4	98.6	75.6	56.6	71.5	85.2	57.6	66.5	92.0	55.2	59.4	0.0	59.8	69.5
66.3	71.0	72.5	95.7	96.5	62.4	86.4	69.0	59.1	85.7	69.5	91.5	61.1	94.2	62.4	60.1	77.6	68.5	0.0	80.3
93.5	97.7	58.8	97.9	93.6	60.9	57.9	77.8	92.4	67.0	79.4	65.2	58.6	55.9	84.1	56.4	68.5	68.7	88.4	0.0
0.0	62.0	90.4	76.6	87.7	67.3	67.4	56.8	80.9	87.2	82.4	63.1	64.4	60.0	93.5	77.1	59.1	62.5	86.0	79.2
89.6	0.0	76.4	75.9	81.1	96.1	68.4	73.4	99.9	79.1	84.6	88.4	68.9	82.2	61.6	82.0	66.9	72.0	89.3	78.7
68.5	90.5	0.0	61.9	80.2	76.8	60.9	94.2	81.8	72.1	75.9	55.2	58.3	75.0	78.9	63.7	79.1	97.1	84.3	73.8
73.1	98.0	65.6	0.0	90.2	99.0	96.3	65.8	57.5	78.4	89.8	74.7	81.7	69.8	69.7	96.6	62.8	72.4	84.1	79.2
92.3	74.2	95.0	82.4	0.0	73.2	62.8	75.9	81.7	77.5	59.8	76.0	65.4	95.9	88.5	91.6	78.4	72.1	85.9	58.5
66.9	92.7	76.8	99.3	76.7	0.0	56.8	70.9	63.0	68.5	96.4	85.0	55.1	70.6	82.0	60.7	66.7	85.8	90.9	77.8
70.3	92.1	66.3	73.2	96.0	77.1	0.0	88.9	58.9	92.0	64.0	60.4	58.2	87.0	69.0	58.1	96.4	55.5	72.1	78.9
70.5	94.5	85.9	57.8	78.4	78.9	72.0	0.0	74.0	57.1	89.2	58.1	93.7	63.2	66.3	56.6	97.4	56.8	69.8	98.7
95.9	99.0	80.1	64.3	83.7	67.1	72.9	84.6	0.0	80.5	68.5	56.9	94.7	82.5	98.1	93.1	82.8	74.4	88.0	91.0
64.0	96.7	59.6	62.4	78.3	99.7	93.4	73.0	95.6	0.0	64.5	59.9	77.4	65.1	64.4	72.6	95.2	64.2	88.2	90.6
69.0	84.7	82.3	75.6	74.8	70.2	58.8	92.1	79.2	77.5	0.0	55.5	67.0	86.9	69.5	64.2	63.2	85.1	90.7	70.7
77.7	71.6	76.8	55.9	85.2	78.2	74.3	87.7	77.3	87.8	93.7	0.0	96.1	99.0	69.8	94.2	68.7	89.8	57.1	66.2
63.9	77.0	60.4	87.7	85.5	75.8	56.0	69.5	56.0	61.5	55.6	60.1	0.0	90.9	78.2	58.8	67.8	94.9	71.7	88.3
75.8	87.5	72.9	59.4	56.1	70.5	77.4	81.4	74.2	61.0	96.0	77.7	95.5	0.0	75.2	83.8	71.1	78.9	66.2	86.7
99.5	96.9	72.2	64.4	67.6	63.8	94.6	69.3	66.6	90.2	91.0	68.6	58.3	92.9	0.0	68.3	94.4	74.7	96.6	58.6
82.2	76.6	72.4	65.3	57.2	82.9	81.7	58.3	63.2	62.7	85.9	94.4	69.7	63.3	57.2	0.0	84.7	70.6	92.1	60.4
82.2	71.5	69.3	99.8	72.7	94.6	81.5	96.9	65.7	83.9	63.8	94.7	90.0	68.6	60.6	64.6	0.0	78.0	64.4	97.8
90.5	67.4	83.0	65.7	58.5	95.7	82.1	80.4	72.9	77.3	62.1	59.3	97.1	80.7	82.9	93.6	65.2	0.0	96.5	79.1
65.4	71.7	89.4	82.5	96.6	73.1	83.5	63.3	58.0	87.6	93.7	74.4	97.9	68.3	99.8	65.9	66.6	57.7	0.0	56.4
62.0	93.2	64.8	74.4	61.9	72.1	61.1	62.8	80.9	91.4	76.2	98.2	77.1	61.9	71.4	99.8	87.4	77.5	61.6	0.0
0.0	57.3	68.1	87.6	62.8	60.9	55.3	63.5	83.2	64.9	58.9	70.8	77.4	77.8	78.3	74.7	94.4	65.0	66.8	79.5
90.6	0.0	67.3	99.4	81.1	98.6	79.6	76.5	81.6	98.1	81.2	91.1	58.2	62.1	74.2	95.8	91.1	88.6	84.0	76.9
86.6	76.4	0.0	71.2	55.3	67.8	69.9	74.6	72.5	61.7	74.9	69.0	96.2	99.1	78.3	98.0	74.2	57.2	65.7	70.2
59.8	63.3	86.7	0.0	72.9	66.8	61.9	96.2	92.9	93.8	66.4	75.6	96.6	76.4	64.7	94.3	64.7	87.6	100.0	88.6
63.4	78.8	89.5	83.3	0.0	93.9	97.5	57.4	68.6	85.3	63.3	61.7	82.2	84.1	77.9	60.7	65.2	97.7	64.7	66.4
93.2	91.9	97.8	93.1	93.9	0.0	55.9	55.3	95.3	56.3	83.0	81.7	93.3	84.6	75.8	93.1	86.5	56.1	64.7	69.0
70.0	70.9	83.6	62.0	80.3	88.2	0.0	59.9	98.1	74.9	55.8	71.0	98.1	59.5	80.1	85.2	88.1	96.7	76.8	65.6
90.6	94.7	97.5	91.2	73.2	77.6	91.4	0.0	72.9	82.4	77.5	68.4	86.0	96.0	99.9	95.0	55.3	99.8	59.2	89.9
98.1	99.7	98.6	76.5	90.3	99.1	84.4	65.1	0.0	94.0	71.0	79.0	83.9	84.3	89.2	99.4	77.6	98.9	96.6	82.2
65.0	56.4	85.9	91.5	85.3	60.3	80.0	55.1	90.0	0.0	83.6	76.1	60.2	85.1	58.5	68.7	88.5	67.5	82.2	67.9
70.4	86.7	99.9	78.2	95.0	82.1	94.0	94.7	69.5	97.5	0.0	62.4	74.6	97.2	97.8	57.9	60.8	91.5	74.6	64.8
58.2	91.7	62.9	69.7	64.9	100.0	83.1	87.3	76.0	57.4	88.8	0.0	95.5	89.1	87.4	60.2	96.7	59.0	72.4	98.0
72.3	64.2	90.6	93.2	73.7	58.0	55.9	67.6	69.6	75.2	95.9	80.3	0.0	65.6	91.4	90.4	96.1	79.0	92.2	94.0
86.5	77.9	56.2	79.7	77.4	66.9	76.6	78.0	82.4	56.5	85.1	89.4	55.3	0.0	70.0	57.2	78.1	92.6	86.8	96.9
67.2	62.1	95.4	86.8	78.3	94.0	89.1	65.0	73.3	96.8	72.4	98.4	80.9	92.2	0.0	84.5	71.7	88.8	60.1	64.9
61.6	72.3	91.2	82.2	71.7	95.9	56.1	59.5	100.0	79.8	80.3	69.7	73.8	76.3	77.3	0.0	55.6	90.4	67.1	95.1
69.7	58.4	82.2	76.6	59.6	71.7	87.3	88.9	81.2	96.5	65.0	62.2	80.7	59.4	75.7	98.8	0.0	80.4	89.3	61.5
83.1	99.7	87.0	62.2	70.3	62.3	70.9	75.8	78.6	86.7	58.1	66.1	83.9	71.2	97.0	85.2	76.1	0.0	72.7	76.8
62.8	77.8	64.2	58.6	72.6	95.8	65.8	96.4	65.1	95.8	99.2	87.2	95.0	98.5	96.6	77.3	86.4	91.2	0.0	80.8
88.4	99.9	93.4	95.4	86.7	68.2	75.7	98.6	73.6	66.8	78.6	68.7	81.9	66.0	56.3	96.1	82.6	69.0	71.4	0.0
0.0	81.7	86.7	88.9	92.9	69.4	94.3	74.8	80.8	73.4	57.4	73.1	94.7	61.4	66.4	69.5	59.6	59.0	68.1	96.9
98.7	0.0	95.5	99.1	83.8	89.3	84.5	95.5	92.3	86.2	80.2	68.5	62.0	65.9	92.7	68.8	58.6	60.7	93.9	83.9
92.3	80.7	0.0	72.8	60.5	87.4	72.3	85.3	68.0	65.0	78.3	62.7	64.9	82.8	86.0	57.7	62.9	68.8	66.5	77.2
85.3	90.3	76.8	0.0	82.4	99.8	81.9	60.5	92.5	65.8	67.3	63.5	88.4	58.0	76.3	92.8	70.9	90.8	74.2	88.4
82.1	66.5	90.6	97.7	0.0	79.8	88.8	56.9	59.3	92.9	60.4	59.1	61.7	89.6	88.0	83.0	93.5	92.7	77.5	88.7
80.3	76.9	66.6	73.5	81.6	0.0	80.0	56.7	99.4	98.8	83.6	94.8	83.6	62.5	98.1	81.1	68.6	64.8	78.5	65.0
94.5	70.5	74.8	95.2	75.4	59.0	0.0	92.4	75.5	84.2	68.1	79.6	90.4	69.9	97.0	74.2	58.6	73.8	87.6	68.4
56.8	98.2	69.8	86.4	78.2	98.4	87.1	0.0	69.1	99.2	76.6	60.1	94.6	86.6	92.7	57.5	77.4	67.8	85.9	69.9
88.5	58.4	67.6	76.5	65.6	91.6	70.2	55.1	0.0	73.7	68.8	96.6	74.5	94.4	58.8	95.8	89.6	79.9	92.9	89.9
69.0	60.8	79.3	59.4	95.7	66.3	98.7	73.0	77.3	0.0	93.9	67.3	96.4	84.4	73.8	80.5	96.2	85.2	80.9	97.0
68.4	65.8	84.8	76.0	93.9	88.1	91.8	67.0	61.4	94.6	0.0	58.8	73.2	66.5	88.2	68.6	57.9	65.7	73.8	89.0
56.2	89.6	99.8	73.4	95.2	89.9	65.4	96.6	66.0	89.3	62.0	0.0	68.7	62.7	86.0	82.1	77.8	95.1	56.2	72.4
85.8	69.1	61.6	93.0	58.9	59.9	64.2	57.5	82.4	58.1	66.8	77.7	0.0	90.6	67.5	63.9	71.9	79.7	78.6	62.0
61.1	74.3	62.6	84.6	65.0	62.0	65.0	79.0	99.4	87.4	68.1	86.3	69.7	0.0	87.3	83.4	76.0	77.1	64.1	71.4
58.1	94.9	92.1	73.2	80.7	73.4	88.7	80.2	61.5	80.6	99.6	65.9	75.6	62.8	0.0	65.0	87.4	78.9	96.9	95.8
79.9	84.8	64.1	76.2	64.8	56.2	83.2	86.6	93.1	65.7	87.1	72.1	62.9	95.5	74.1	0.0	98.2	97.9	97.9	96.5
68.2	65.9	75.7	72.0	95.9	89.8	63.8	65.2	93.1	60.1	71.8	95.3	74.9	85.7	92.0	86.3	0.0	74.6	98.8	87.5
56.3	65.1	59.0	90.9	67.6	84.7	88.8	83.0	92.6	68.8	80.2	92.2	76.7	63.9	55.4	85.3	63.3	0.0	98.6	68.5
56.0	96.3	56.8	87.2	77.1	73.3	88.9	64.4	85.5	99.3	64.2	78.4	97.9	98.1	78.5	81.6	56.4	97.3	0.0	83.4
57.9	85.8	85.6	86.9	62.0	60.5	81.2	75.1	85.0	79.0	83.0	93.7	61.4	88.8	57.7	70.9	90.9	56.7	77.3	0.0
0.0	94.8	71.5	81.1	92.9	65.0	81.0	63.1	78.4	67.4	61.5	89.7	60.7	80.1	71.0	74.2	74.1	66.2	93.1	82.8
79.4	0.0	88.5	90.5	60.2	95.8	97.8	62.9	58.8	64.3	91.8	92.4	61.9	86.4	85.8	90.9	77.5	67.3	56.4	68.3
93.0	57.1	0.0	79.9	98.1	67.8	98.3	56.0	85.7	92.4	61.2	90.3	78.1	92.7	90.9	67.3	62.6	69.4	65.8	74.8
75.8	56.2	70.6	0.0	81.9	82.6	94.9	96.9	93.7	80.3	79.0	80.1	85.4	55.4	73.3	94.0	78.1	93.5	64.6	83.0
91.2	98.7	61.5	67.4	0.0	78.6	67.7	80.0	92.9	78.0	63.2	77.5	55.6	99.8	82.6	83.9	74.0	72.4	79.6	61.2
65.3	71.6	94.7	79.7	59.5	0.0	57.5	81.5	72.2	66.9	61.9	72.9	71.3	70.4	72.8	85.3	94.9	63.0	72.6	98.0
91.9	62.3	93.6	73.8	74.7	87.1	0.0	98.4	59.8	65.2	65.1	77.9	72.2	93.5	64.7	70.7	77.7	81.5	93.0	98.4
94.3	65.0	77.7	75.1	56.1	74.7	63.5	0.0	89.4	77.9	66.4	79.1	58.7	94.8	77.6	91.4	61.1	84.3	79.4	64.4
93.1	66.6	95.4	65.7	84.3	87.4	87.1	88.9	0.0	78.5	68.9	65.9	91.5	58.9	70.8	67.2	65.3	57.2	56.9	77.8
58.5	79.9	75.9	92.1	87.1	76.4	87.2	74.1	97.8	0.0	87.9	96.6	98.9	75.7	83.8	99.0	69.3	63.6	61.5	58.9
87.0	59.9	83.5	68.7	94.7	89.6	73.8	80.6	93.8	84.3	0.0	82.1	86.2	61.1	96.9	93.6	91.3	72.0	99.3	68.2
56.6	76.1	77.6	57.1	59.0	92.3	79.7	94.2	58.2	97.1	75.7	0.0	80.9	61.3	82.1	58.5	99.7	76.8	72.2	65.3
64.9	74.6	57.9	75.8	90.6	70.0	99.4	71.6	62.6	78.3	91.3	74.3	0.0	64.6	97.0	66.7	70.7	93.3	64.6	58.4
75.7	93.0	60.8	65.0	82.4	82.4	61.6	89.1	60.0	65.0	68.4	71.1	58.7	0.0	61.3	82.2	95.6	99.9	92.3	56.7
62.3	88.4	75.4	63.8	71.8	94.2	78.7	79.5	94.4	66.6	80.3	69.3	72.9	62.7	0.0	65.1	78.9	63.4	72.7	60.1
85.2	65.7	79.4	68.6	55.6	70.5	75.4	72.3	93.0	98.4	87.7	86.4	58.8	86.4	62.5	0.0	58.6	64.4	74.9	68.7
87.9	95.9	65.8	94.4	99.1	71.2	79.2	89.8	79.4	84.4	73.6	65.7	87.8	97.2	92.0	70.7	0.0	92.4	84.8	88.5
58.5	87.6	84.3	64.9	79.2	59.5	76.6	98.6	68.5	77.4	61.6	81.4	72.1	77.5	99.0	63.4	82.3	0.0	95.2	72.0
94.0	92.9	68.5	98.0	69.8	68.2	78.0	58.3	73.2	92.8	83.6	63.7	69.7	89.8	72.7	81.9	56.0	78.9	0.0	91.5
86.4	79.6	73.0	56.7	93.0	84.0	92.3	75.3	66.8	78.4	78.1	80.0	73.1	99.1	65.2	78.3	76.9	75.6	67.7	0.0
0.0	57.5	79.2	91.1	77.5	71.4	59.2	71.8	60.3	73.9	85.4	72.0	88.5	79.3	75.6	61.0	64.5	86.2	99.5	68.8
62.5	0.0	75.7	71.2	70.7	79.9	80.3	70.6	57.4	90.8	78.0	71.3	65.1	60.3	58.1	91.3	75.5	77.8	74.0	83.5
77.5	88.4	0.0	58.5	60.3	81.5	78.0	91.9	88.6	56.5	87.5	79.8	91.1	62.5	62.0	89.3	74.4	94.2	88.8	62.0
67.0	62.6	86.2	0.0	60.2	71.0	64.7	91.2	82.7	99.6	89.9	61.4	79.1	88.8	73.0	74.1	93.6	63.5	73.7	71.9
69.2	70.2	65.7	84.9	0.0	76.6	76.7	94.6	67.2	98.8	62.5	67.5	82.9	67.6	93.7	71.8	80.8	60.0	99.8	66.0
88.5	55.0	55.2	69.0	78.6	0.0	92.4	64.6	59.9	73.1	70.5	71.3	57.6	85.1	77.9	84.6	87.0	60.1	58.0	83.7
87.8	95.0	100.0	98.4	59.9	68.5	0.0	60.7	83.8	73.0	67.9	99.2	62.5	89.4	69.3	89.0	70.9	83.2	93.8	78.2
84.1	91.7	67.2	94.4	70.7	76.1	82.5	0.0	69.6	85.4	58.9	83.7	72.5	86.0	71.6	70.8	63.5	89.1	74.7	61.6
88.3	82.2	74.6	88.9	96.3	97.3	67.6	79.3	0.0	81.2	95.9	80.9	71.6	91.8	96.9	96.1	60.4	82.6	66.4	63.4
70.2	99.8	73.1	90.4	63.5	69.5	81.8	77.9	69.2	0.0	66.9	74.0	69.5	62.3	98.2	98.6	83.3	71.4	57.5	59.4
59.3	61.6	68.5	99.7	80.3	99.7	77.7	68.0	79.2	99.0	0.0	93.2	72.0	73.4	67.7	64.9	84.7	75.6	66.9	81.7
70.9	90.5	61.8	67.0	98.6	83.0	61.9	65.5	61.8	76.0	98.9	0.0	79.2	86.3	68.0	79.0	89.6	85.9	90.3	70.1
73.9	65.6	84.1	95.3	87.6	60.5	89.7	78.2	81.1	69.3	81.3	84.3	0.0	89.3	56.3	64.0	83.7	76.3	75.8	63.8
82.7	76.8	68.3	56.8	68.5	98.9	59.7	96.9	57.6	99.6	58.2	92.3	95.4	0.0	61.8	74.8	96.5	94.1	95.6	72.5
59.2	97.0	67.8	65.3	64.1	94.6	97.1	56.5	86.7	60.3	57.9	82.3	92.1	95.4	0.0	58.6	90.9	86.8	67.2	73.9
91.4	98.1	58.5	66.1	79.9	59.5	69.8	84.9	67.0	75.4	91.5	97.6	80.3	82.1	98.9	0.0	60.7	98.2	69.4	76.7
92.6	93.1	99.3	85.1	85.7	62.2	68.8	83.5	90.8	80.5	82.4	76.2	58.9	91.4	61.4	59.2	0.0	61.4	65.6	94.2
65.9	70.9	70.4	84.0	98.5	68.2	64.2	91.2	87.3	63.9	64.1	57.7	63.5	59.1	60.5	82.1	55.3	0.0	72.3	92.6
83.5	56.3	65.3	95.6	98.3	85.7	82.3	92.0	98.7	65.9	99.7	58.2	85.7	99.2	90.4	87.3	83.7	85.7	0.0	69.0
81.5	89.1	76.6	74.0	64.4	77.0	57.2	66.9	77.1	74.1	82.1	95.5	67.4	84.1	93.4	90.4	85.9	86.3	84.1	0.0
0.0	80.6	92.3	62.7	83.1	60.5	64.9	88.1	72.6	78.3	74.4	77.2	74.3	86.7	80.1	62.9	97.7	86.1	65.3	87.1
73.9	0.0	85.8	61.6	98.0	89.7	67.6	83.6	96.0	75.1	85.1	80.9	58.5	73.9	94.9	78.1	59.7	71.9	68.6	90.1
82.5	84.5	0.0	98.6	86.2	95.2	59.9	83.8	88.7	82.8	80.4	90.3	99.6	56.1	64.9	72.4	61.9	96.7	59.1	76.5
98.2	64.6	79.7	0.0	57.4	72.6	88.8	78.9	87.1	99.4	78.5	77.8	71.1	84.2	73.3	88.0	71.0	57.7	60.3	76.4
93.7	83.8	61.5	74.8	0.0	87.6	67.3	69.9	80.4	58.9	84.4	61.5	92.0	90.4	97.1	95.6	55.5	67.5	83.7	77.3
64.8	81.8	89.1	85.5	90.0	0.0	86.9	92.7	84.1	93.5	63.2	76.0	70.8	66.4	87.4	83.9	69.5	73.6	84.2	76.6
72.7	57.9	94.7	69.7	84.7	66.9	0.0	56.7	75.2	72.8	97.9	61.7	63.3	56.9	58.5	99.3	78.2	82.8	60.8	65.1
84.9	99.1	83.8	75.0	98.1	80.3	55.9	0.0	69.8	79.2	95.2	96.9	95.8	56.9	62.6	73.5	76.4	97.2	96.2	98.1
91.5	87.4	97.8	62.9	85.2	73.1	78.8	92.9	0.0	70.9	72.6	97.0	91.0	80.5	95.6	60.8	77.8	97.1	98.7	76.6
85.0	86.2	91.9	62.8	72.8	74.7	79.5	55.8	62.4	0.0	83.2	64.3	96.5	79.9	56.8	98.5	93.4	62.2	74.0	90.9
89.9	61.9	65.8	82.7	57.0	91.4	74.8	65.8	95.8	62.6	0.0	85.6	91.7	58.4	75.8	97.0	78.5	67.4	99.8	64.6
55.1	67.2	91.9	67.4	94.3	65.4	73.9	80.4	68.6	83.8	70.5	0.0	65.4	69.8	80.1	68.1	73.0	76.9	67.7	98.3
65.4	74.6	55.3	72.0	89.6	81.2	81.2	88.8	90.8	94.2	67.0	79.3	0.0	90.1	94.7	81.8	68.0	63.5	58.1	55.3
58.9	77.6	81.9	61.2	58.5	93.9	93.4	55.3	94.7	76.1	61.3	60.5	56.0	0.0	67.2	57.9	72.0	70.3	85.1	61.5
88.1	84.9	84.8	89.1	55.9	98.7	91.4	67.9	87.6	67.3	55.5	78.0	85.7	57.1	0.0	64.2	88.0	62.9	97.0	59.8
81.7	60.7	84.0	79.5	78.1	71.9	84.4	95.5	71.1	59.0	94.3	77.1	97.5	64.7	67.2	0.0	64.1	99.5	75.1	89.1
95.2	91.1	60.5	92.6	99.0	61.5	77.3	55.1	59.3	57.0	77.2	59.5	71.0	98.3	68.0	65.8	0.0	69.0	77.3	57.5
99.1	90.9	84.7	56.2	69.4	66.9	84.6	80.2	79.5	95.6	85.7	79.5	63.6	63.4	81.1	82.2	85.2	0.0	81.6	74.5
71.2	98.2	80.0	84.7	77.6	73.4	73.3	60.7	92.8	92.8	71.5	60.7	84.3	74.4	83.3	96.3	99.4	89.5	0.0	81.5
83.1	79.2	92.3	63.1	85.5	71.8	67.7	72.6	63.5	56.0	66.2	88.8	62.4	63.1	84.4	93.8	68.5	77.8	96.7	0.0
0.0	99.1	83.7	78.0	76.7	89.4	87.6	85.7	95.0	96.6	56.0	78.0	85.5	93.1	57.2	69.4	63.9	56.9	70.8	60.8
75.1	0.0	56.9	95.2	69.3	91.3	62.3	63.7	60.9	62.5	74.0	89.6	66.2	66.0	97.6	94.2	69.4	67.3	55.1	73.0
88.8	82.3	0.0	98.9	71.4	65.1	83.6	83.9	77.2	78.0	88.0	58.4	95.5	90.6	82.3	93.7	96.5	94.5	93.8	61.7
79.8	88.1	82.0	0.0	88.8	90.7	77.8	89.9	76.8	89.1	63.3	79.5	63.7	58.2	65.0	78.6	95.6	81.9	77.4	94.4
92.0	56.3	88.8	69.9	0.0	64.2	57.1	90.6	82.0	84.4	77.7	76.6	60.2	58.4	73.0	77.8	73.0	93.2	68.6	72.5
55.4	61.2	69.7	55.4	81.4	0.0	87.8	91.5	79.5	75.1	64.1	78.3	59.5	91.7	68.4	70.0	59.0	77.0	86.1	87.1
67.5	84.5	72.4	70.0	76.4	96.2	0.0	67.9	97.9	83.1	55.3	78.8	70.8	58.5	78.1	90.1	80.4	95.1	61.7	95.3
78.7	63.3	97.8	56.3	66.2	93.1	97.7	0.0	82.8	81.6	95.4	65.0	96.5	98.3	72.2	80.6	98.8	94.4	96.5	99.1
74.7	75.3	99.5	61.5	58.3	87.7	95.8	92.9	0.0	75.2	86.2	65.9	91.9	63.2	80.0	93.2	81.6	60.6	99.1	65.4
79.2	84.3	58.8	76.1	90.7	69.0	96.2	62.5	57.1	0.0	95.8	58.3	95.1	79.4	97.9	56.2	78.3	65.7	78.2	56.8
65.3	99.7	99.0	63.0	76.6	69.6	86.4	80.2	82.1	58.0	0.0	65.1	73.9	67.6	64.1	58.3	56.7	58.9	57.3	55.7
95.7	95.5	68.3	86.3	72.6	95.1	74.3	71.2	82.8	96.4	78.1	0.0	59.0	79.3	70.6	68.6	81.2	83.7	64.3	98.5
59.9	88.1	91.6	76.0	95.6	76.2	97.2	56.0	71.2	81.5	59.7	95.9	0.0	76.6	73.1	76.7	82.5	82.1	85.1	59.2
61.0	83.7	87.5	73.4	99.2	63.2	97.0	60.0	79.3	56.1	91.4	86.0	61.6	0.0	65.2	91.7	70.4	73.7	55.4	60.4
63.7	59.8	72.3	70.5	67.5	64.8	55.2	66.8	97.4	84.4	62.4	81.7	67.3	79.3	0.0	62.2	97.4	75.9	67.9	96.6
72.9	83.7	93.4	83.2	58.6	74.7	60.7	82.6	74.1	56.9	59.5	78.6	64.3	86.1	92.0	0.0	94.5	83.7	93.8	56.3
68.1	90.2	77.7	62.5	57.4	74.8	77.2	96.2	63.2	82.4	97.5	70.4	70.0	86.4	93.2	59.9	0.0	72.9	56.3	55.5
73.0	86.0	81.1	63.5	89.8	87.0	85.9	63.5	70.8	75.4	62.5	91.6	67.0	93.0	88.2	82.8	87.7	0.0	83.9	57.6
77.1	99.7	64.1	88.5	88.6	97.9	69.1	82.1	77.2	64.3	89.3	78.7	95.8	94.8	82.3	83.9	82.7	75.1	0.0	94.2
96.0	61.0	73.4	72.8	80.4	76.7	57.4	65.4	85.2	91.3	65.3	65.6	74.8	92.5	80.4	62.4	80.5	55.3	86.1	0.0
0.0	54.0	43.4	46.7	58.3	58.8	54.0	45.8	55.2	42.1	57.9	58.8	52.2	51.7	60.9	59.2	56.8	59.4	56.1	56.5
43.4	0.0	58.3	53.0	55.2	51.6	43.9	48.5	56.0	56.3	43.4	58.7	47.1	54.1	48.1	60.7	52.2	47.2	50.6	49.8
55.5	52.3	0.0	48.8	44.6	43.8	49.4	51.5	50.3	57.6	48.7	50.9	55.2	41.8	44.3	45.3	60.1	41.2	55.3	45.3
45.0	54.7	58.5	0.0	51.9	52.0	48.5	47.4	53.1	58.2	47.8	42.1	41.3	52.2	53.0	47.7	44.1	54.2	44.1	60.6
52.0	42.0	48.3	46.0	0.0	50.0	52.6	59.6	48.4	49.1	49.2	42.0	49.5	46.6	58.9	58.5	54.8	59.9	41.3	52.0
49.8	57.2	45.4	42.3	58.3	0.0	43.7	42.2	42.5	45.0	57.8	43.5	55.2	46.8	43.9	42.8	58.5	60.0	48.4	58.6
57.7	57.2	59.0	59.2	46.1	57.8	0.0	54.0	53.7	58.1	57.2	43.8	51.0	48.6	52.8	44.8	49.4	42.1	60.9	44.9
47.1	51.2	47.7	42.2	55.2	46.0	47.9	0.0	42.3	61.0	48.9	44.4	42.3	48.5	48.9	50.3	56.4	41.0	49.3	46.1
49.2	43.6	42.1	60.6	47.3	55.8	51.7	42.3	0.0	49.9	59.9	56.2	59.1	53.4	55.7	42.8	53.6	46.1	60.1	59.0
49.9	44.7	53.2	46.8	55.9	42.1	56.8	44.9	51.0	0.0	54.9	57.4	50.5	43.5	52.2	56.4	43.8	46.6	58.1	50.8
59.5	55.9	45.2	41.1	42.8	46.3	50.2	55.4	48.3	43.3	0.0	44.2	42.0	60.3	48.6	50.7	42.3	44.3	41.3	58.6
49.3	45.4	59.8	48.4	46.0	54.7	44.4	52.6	43.9	47.5	42.6	0.0	52.3	56.1	56.6	52.7	57.8	53.8	56.4	55.4
46.2	58.4	48.6	55.8	45.2	60.3	47.9	46.3	47.1	56.1	50.3	57.6	0.0	46.5	53.3	45.7	51.1	60.9	55.3	44.1
50.3	57.3	58.3	41.4	48.6	48.3	46.5	45.0	42.7	52.3	48.1	58.6	59.2	0.0	47.7	48.9	54.6	49.2	60.8	57.0
51.4	47.3	50.2	43.2	46.0	57.6	49.1	48.4	44.2	51.6	45.4	58.5	44.6	47.3	0.0	47.7	53.6	41.4	59.0	43.8
46.9	46.7	48.4	49.6	48.3	56.0	41.8	56.6	43.0	44.3	41.0	57.4	52.2	53.7	48.1	0.0	43.3	60.3	56.7	61.0
59.8	60.0	51.5	46.5	60.9	48.6	59.5	43.3	42.1	58.9	49.9	54.9	47.0	43.6	48.5	60.3	0.0	55.8	48.2	53.0
51.0	56.0	45.5	46.6	46.6	45.4	57.3	55.9	45.6	57.3	58.7	60.1	44.7	44.1	52.8	49.0	42.3	0.0	54.8	51.5
56.9	43.5	60.5	49.5	44.6	56.2	46.1	48.3	55.7	49.8	47.5	55.3	48.2	52.0	48.0	58.8	44.9	58.0	0.0	55.8
57.3	54.3	49.5	54.9	48.0	54.8	46.5	56.9	51.7	56.3	41.9	44.6	56.9	46.3	49.3	45.3	59.2	44.1	46.5	0.0
0.0	44.0	44.6	44.2	43.2	42.9	51.7	57.7	53.4	55.9	49.6	48.8	49.6	57.6	58.1	48.7	53.9	44.4	43.2	42.4
59.4	0.0	47.3	51.1	54.5	43.0	42.2	42.3	43.2	42.1	57.3	53.4	54.1	41.1	42.0	55.3	46.8	41.2	59.6	55.4
47.0	54.7	0.0	52.1	43.4	46.5	53.3	47.7	46.1	49.9	60.1	45.6	56.5	49.2	42.0	55.9	57.0	56.3	52.5	45.3
41.4	45.5	42.5	0.0	58.1	60.3	45.7	53.7	41.7	55.2	41.3	47.3	49.9	47.5	53.2	43.7	52.6	59.1	46.2	44.5
58.9	43.9	47.1	49.4	0.0	55.4	45.3	58.4	49.8	48.7	49.9	43.0	43.6	48.1	55.6	48.6	47.0	56.8	55.3	41.3
51.7	43.7	56.7	42.0	57.5	0.0	50.7	43.1	56.7	58.1	49.2	46.4	57.3	52.6	53.4	52.4	58.2	52.3	41.7	59.1
43.7	48.9	44.9	58.2	54.9	43.1	0.0	47.1	45.9	58.9	45.4	55.4	49.2	54.9	60.8	46.7	57.1	57.6	47.9	54.7
50.8	54.2	47.3	46.3	50.3	47.7	57.0	0.0	56.5	46.4	51.7	49.6	51.5	49.6	56.3	52.8	47.3	43.6	57.1	58.2
51.0	54.2	56.1	45.5	44.5	52.5	47.3	47.4	0.0	44.5	59.6	47.7	55.4	51.4	55.9	54.5	47.4	53.7	59.3	46.1
51.2	44.8	46.5	51.4	50.6	52.2	49.3	50.3	46.9	0.0	45.0	47.9	50.9	48.5	43.8	58.8	56.9	42.5	47.2	53.2
58.4	41.3	57.3	51.5	59.9	53.0	44.3	41.1	52.2	59.3	0.0	50.6	59.1	43.3	42.6	58.7	42.2	41.9	49.2	51.4
43.3	43.9	52.3	56.3	42.0	58.6	60.8	41.7	53.4	54.4	41.3	0.0	43.2	45.0	53.5	48.8	44.9	59.1	42.4	55.9
52.4	43.4	53.3	51.6	44.5	50.7	42.8	43.7	46.3	45.9	52.4	43.8	0.0	45.5	42.7	57.8	58.8	50.2	49.4	45.0
53.5	51.2	59.9	50.6	56.0	54.0	51.5	47.1	45.3	41.1	42.5	51.8	55.5	0.0	43.8	44.9	44.6	55.9	42.0	59.1
44.2	57.0	51.8	51.2	59.8	59.7	45.5	45.0	46.2	49.6	46.4	58.5	53.7	44.4	0.0	48.0	47.6	42.8	59.7	46.1
41.3	51.5	51.9	57.4	53.2	42.8	51.2	41.8	42.4	52.5	57.9	43.0	42.9	55.7	53.8	0.0	51.8	48.8	55.7	51.2
41.4	41.5	45.9	56.2	43.1	58.5	47.7	43.0	54.0	45.5	45.9	56.1	59.4	54.5	47.7	51.0	0.0	46.6	57.2	56.0
41.6	51.9	56.3	48.0	55.9	55.6	43.6	51.3	41.5	54.2	60.7	41.2	49.5	46.2	60.3	41.4	42.5	0.0	59.1	54.3
61.0	52.6	55.6	41.7	56.5	55.6	46.7	54.4	49.6	42.1	54.4	56.9	53.7	50.2	41.5	49.5	50.8	50.3	0.0	54.4
48.9	56.5	49.4	59.9	46.8	45.4	54.9	52.6	57.7	43.7	41.7	49.6	43.8	51.2	60.3	49.9	42.5	56.6	48.9	0.0
0.0	56.8	47.6	53.1	50.9	49.5	58.0	50.8	59.5	55.6	54.2	61.0	44.8	43.6	54.9	60.0	59.9	60.5	44.1	47.1
60.0	0.0	50.7	55.5	44.6	46.7	59.8	49.2	51.4	58.3	44.0	54.9	45.8	52.7	43.1	49.5	50.3	45.0	48.7	57.8
50.0	43.7	0.0	50.9	52.8	41.4	56.0	59.2	53.5	44.6	60.5	50.7	52.2	41.4	45.9	55.6	47.7	49.7	60.9	45.7
58.0	41.7	51.0	0.0	46.7	48.4	59.1	53.3	59.7	41.4	43.9	50.6	54.3	56.5	54.5	50.9	49.0	42.9	54.1	53.7
58.2	52.9	43.9	45.8	0.0	54.4	50.4	57.1	42.3	56.6	43.9	50.2	60.9	48.2	45.7	44.0	45.4	54.2	58.0	48.2
50.4	43.6	43.9	60.7	45.6	0.0	46.9	49.4	60.3	41.3	52.3	44.9	51.1	42.0	53.0	41.1	54.6	47.1	58.4	47.4
57.3	52.4	45.9	47.1	57.3	60.9	0.0	41.8	44.5	42.9	52.1	49.9	54.7	43.6	42.4	57.9	46.1	43.7	57.9	46.3
51.6	45.4	41.9	48.3	49.7	48.2	49.3	0.0	47.9	49.4	56.7	42.3	50.6	49.9	51.8	43.3	52.9	46.6	41.2	49.3
47.5	41.3	48.4	41.4	59.3	48.6	55.0	43.1	0.0	50.3	47.7	55.8	48.2	55.3	44.1	60.1	55.8	55.3	60.6	41.1
49.1	60.6	54.5	49.4	46.9	60.0	56.1	60.7	41.7	0.0	54.9	48.9	47.9	48.2	51.0	60.8	60.1	49.1	46.9	58.2
47.2	41.4	46.2	56.8	49.0	49.5	45.2	44.1	49.3	48.7	0.0	53.3	46.7	43.6	56.8	45.6	60.3	41.8	44.6	59.8
57.9	46.7	57.1	59.5	59.4	49.9	58.1	56.4	60.5	41.5	48.1	0.0	55.3	44.5	50.7	58.4	44.6	54.1	59.8	45.7
58.6	61.0	44.6	58.3	54.1	46.7	49.5	41.3	46.9	59.4	55.0	53.7	0.0	45.0	54.4	50.4	52.4	54.3	54.6	45.5
57.7	47.3	42.6	60.5	42.7	55.4	58.3	54.2	41.0	42.2	42.5	42.8	48.5	0.0	46.8	56.0	53.9	61.0	49.7	53.9
51.9	60.8	49.0	46.9	49.9	51.5	43.1	59.0	57.9	51.7	59.9	59.1	58.9	56.2	0.0	59.2	48.9	55.3	55.6	48.8
43.4	47.8	54.3	46.8	57.9	45.0	49.4	52.8	60.2	45.1	41.0	56.1	54.5	49.4	51.7	0.0	45.5	45.6	46.2	50.9
45.0	50.9	41.2	58.8	49.2	52.5	51.9	56.4	42.3	56.4	58.3	59.0	51.4	55.5	56.7	58.1	0.0	52.6	54.6	55.2
46.3	51.1	55.6	44.2	48.8	52.3	59.1	52.0	52.1	54.7	41.9	55.7	50.0	58.9	46.7	50.1	44.2	0.0	47.6	59.0
53.9	52.5	54.1	55.9	49.2	50.6	46.5	43.0	42.0	60.5	56.5	43.6	50.6	52.9	59.6	43.3	53.7	52.3	0.0	58.6
57.8	47.3	52.0	47.8	51.2	55.3	57.8	54.2	54.7	42.1	42.5	46.0	53.4	53.2	43.7	48.2	52.9	59.2	48.3	0.0
0.0	48.7	51.9	55.5	53.3	43.3	46.3	49.4	59.4	44.1	42.0	41.8	60.0	47.2	54.9	57.4	45.8	49.7	41.3	57.9
54.1	0.0	41.1	59.5	50.9	48.0	59.5	53.3	45.8	56.2	41.5	43.0	59.9	49.3	48.5	54.2	47.7	46.5	49.6	60.5
61.0	60.2	0.0	44.9	51.8	43.6	60.1	49.9	49.0	50.8	43.1	43.9	48.6	43.4	47.9	52.8	50.6	44.6	44.0	44.4
54.6	45.4	59.1	0.0	45.8	42.2	50.2	49.6	56.7	47.4	48.5	46.6	51.2	42.4	46.3	42.8	53.4	54.7	45.4	56.3
53.3	53.5	41.6	46.4	0.0	57.6	54.8	53.1	54.2	53.2	56.9	49.8	59.2	51.9	52.5	43.7	48.0	44.8	52.6	44.2
56.5	52.1	55.6	52.0	52.9	0.0	43.8	49.6	58.8	60.2	51.0	57.1	57.4	49.4	53.0	57.0	52.6	41.9	55.5	46.7
42.3	53.0	42.5	46.1	48.2	58.8	0.0	59.2	56.1	49.0	44.4	46.8	45.1	42.6	53.7	50.9	58.3	51.4	60.5	41.9
46.5	45.6	54.0	54.5	49.3	49.5	50.2	0.0	42.3	45.3	52.6	50.5	43.9	45.3	56.5	49.3	41.6	54.4	47.5	50.0
55.1	53.0	48.0	50.5	56.7	54.8	56.7	52.5	0.0	51.6	46.4	53.4	52.3	59.3	58.6	46.5	60.6	53.1	58.5	44.4
57.9	54.7	44.9	45.7	42.8	52.9	47.6	48.5	55.2	0.0	59.9	59.7	56.9	41.5	46.3	53.2	44.4	49.4	59.8	55.0
50.9	55.3	46.5	53.9	54.8	49.5	57.9	46.7	41.6	59.6	0.0	57.1	51.4	49.0	56.8	45.8	44.0	50.3	54.5	51.0
42.8	53.1	41.4	53.3	46.8	42.6	58.0	53.1	54.9	48.2	52.7	0.0	60.9	54.1	50.2	48.0	56.5	43.3	45.5	43.0
49.5	43.3	47.3	46.2	41.3	54.3	60.6	41.6	44.5	48.9	42.9	42.1	0.0	47.3	54.8	53.7	45.0	56.7	60.6	56.6
55.8	60.7	57.1	41.6	56.1	54.9	49.3	55.7	48.2	41.9	54.4	53.6	57.1	0.0	41.9	57.8	58.9	55.1	58.2	48.7
43.5	56.4	41.1	53.3	51.2	57.2	46.8	49.2	47.8	57.4	43.7	53.8	57.3	47.6	0.0	41.3	52.3	46.4	55.4	50.0
50.9	45.1	41.2	42.5	53.3	47.0	44.4	46.9	57.0	41.3	55.1	50.2	57.2	57.0	60.9	0.0	45.5	44.8	51.5	44.6
46.3	59.9	54.7	43.7	53.4	42.4	60.3	45.9	50.5	51.4	57.6	56.1	57.7	52.4	44.2	52.9	0.0	41.7	43.1	42.6
52.8	41.3	54.1	60.8	56.2	47.0	51.9	46.8	51.1	53.5	48.8	48.1	50.1	43.8	48.1	56.7	57.4	0.0	45.4	55.5
44.5	47.8	42.3	46.0	45.6	55.6	49.8	51.2	48.3	56.8	58.8	58.0	43.0	54.4	53.4	41.0	48.3	60.8	0.0	60.2
57.4	42.3	50.1	45.2	59.1	45.9	55.1	57.6	56.2	55.5	58.8	47.6	58.5	57.5	59.1	44.7	59.1	52.6	49.5	0.0
0.0	55.0	54.4	51.1	52.2	48.0	53.4	43.0	58.0	57.6	46.5	52.1	48.0	42.5	43.6	43.9	49.7	59.7	55.3	46.5
55.5	0.0	45.0	60.2	42.3	51.5	46.5	59.6	47.8	60.1	47.4	44.1	52.4	43.8	58.3	58.9	55.9	58.1	48.8	41.5
48.1	48.0	0.0	47.8	56.1	54.9	49.4	56.5	48.7	55.7	58.9	53.7	55.9	45.8	42.3	43.2	55.6	52.5	46.9	51.9
47.5	57.6	52.0	0.0	43.6	56.3	53.6	47.4	56.9	50.9	44.3	46.7	60.0	55.0	59.0	47.5	43.2	42.1	60.8	50.7
41.3	52.8	58.5	59.2	0.0	49.1	43.6	46.5	55.0	46.2	44.6	58.0	52.1	56.1	44.4	49.2	49.5	41.9	50.2	47.7
41.2	54.9	47.8	55.2	58.5	0.0	41.4	55.8	58.6	58.0	53.8	41.0	47.1	57.2	52.6	58.7	42.0	56.5	44.5	49.7
46.8	56.6	50.2	45.8	42.2	56.0	0.0	42.6	45.7	51.6	51.6	52.5	42.9	42.0	58.9	58.9	46.2	51.2	43.7	57.3
49.0	47.1	41.2	53.5	50.0	51.4	42.3	0.0	46.7	47.6	44.0	52.2	48.2	42.5	52.1	50.0	47.6	49.7	45.9	51.6
41.3	46.3	52.8	47.9	60.5	45.3	46.5	43.8	0.0	42.7	44.0	60.9	53.0	54.4	46.8	59.6	53.8	46.4	47.9	46.0
58.0	50.1	59.0	51.0	57.2	48.5	41.6	56.1	46.8	0.0	47.8	44.2	41.8	41.8	52.3	58.8	49.7	51.8	47.7	43.5
54.9	60.9	49.1	41.4	41.7	52.8	45.0	44.5	47.4	54.5	0.0	57.7	42.9	47.2	59.9	55.4	61.0	47.8	43.0	60.3
61.0	55.1	58.6	51.6	50.5	55.4	54.3	43.8	58.8	43.0	56.3	0.0	52.9	44.6	55.6	58.5	56.8	53.3	61.0	43.2
46.6	50.3	59.9	42.0	44.3	53.2	52.7	49.9	55.7	51.0	55.0	47.3	0.0	46.1	57.1	48.0	54.9	49.3	46.7	44.5
58.3	47.6	47.2	43.2	58.5	54.9	44.1	48.4	58.9	49.1	56.9	43.6	58.6	0.0	43.9	52.5	48.5	49.8	45.6	50.8
59.3	53.6	60.1	51.3	45.8	48.3	58.3	47.9	55.8	50.3	60.4	56.1	44.8	44.2	0.0	53.8	55.4	48.2	47.4	43.5
49.0	42.6	60.9	51.2	45.5	59.7	60.5	43.3	56.9	45.3	55.5	58.9	44.6	59.9	55.0	0.0	54.6	45.2	58.5	54.2
54.7	57.3	56.4	52.2	50.8	49.1	56.6	48.7	49.6	43.0	59.5	45.6	47.6	56.8	59.2	51.3	0.0	55.2	47.8	51.3
48.9	60.6	43.6	58.3	51.7	41.6	44.1	47.6	60.2	43.7	59.3	49.5	43.4	42.4	44.7	44.5	47.0	0.0	59.7	47.9
41.4	51.9	50.0	42.4	54.2	42.1	47.6	51.8	53.3	54.3	46.3	54.3	46.4	49.6	49.6	56.4	43.5	60.4	0.0	49.1
50.2	51.3	60.1	56.7	56.3	58.6	43.8	43.9	50.4	50.7	49.9	56.6	60.6	50.6	45.5	50.9	48.6	57.8	57.9	0.0
0.0	45.3	54.5	58.0	59.2	60.1	48.4	59.3	43.6	54.4	59.9	46.0	43.1	56.9	42.3	50.5	41.0	42.5	56.9	47.2
54.5	0.0	51.9	60.0	51.7	45.8	59.2	44.7	46.0	45.4	57.6	43.6	50.8	46.2	48.3	54.7	59.0	56.5	58.8	51.3
61.0	42.4	0.0	58.1	50.8	59.5	42.0	41.1	43.9	48.2	46.2	43.7	54.1	42.6	59.2	47.8	41.5	58.1	54.7	42.8
50.8	52.7	53.5	0.0	54.4	51.1	44.4	44.2	52.2	47.5	42.7	44.9	57.1	41.0	47.4	46.5	57.5	53.5	43.1	59.1
48.7	54.9	49.3	60.0	0.0	59.8	55.3	49.1	41.6	57.5	50.6	56.7	58.1	51.0	57.3	51.4	47.4	45.1	43.2	46.6
42.8	52.6	42.8	45.7	50.0	0.0	48.3	59.3	49.2	50.8	47.9	51.4	54.9	54.0	43.1	51.0	54.9	59.7	53.3	50.3
56.0	57.7	46.5	54.2	50.7	47.9	0.0	55.7	46.3	46.0	56.6	43.3	59.7	41.7	41.6	43.7	50.2	55.8	56.5	43.2
58.2	45.2	56.1	50.9	49.7	46.9	41.5	0.0	41.4	53.9	60.5	60.8	53.3	42.6	57.9	43.4	60.1	50.6	51.6	45.8
52.0	60.2	48.5	42.6	43.8	47.3	55.8	52.7	0.0	45.0	60.1	59.7	49.7	58.9	45.1	47.2	56.1	44.2	59.6	53.3
59.9	55.0	58.5	43.4	45.1	41.5	42.5	53.3	43.3	0.0	45.0	42.1	42.9	55.7	42.8	41.7	53.9	48.2	52.5	59.3
54.9	49.2	48.3	42.5	42.7	51.4	48.2	42.8	57.3	44.5	0.0	58.4	48.2	58.2	51.3	48.9	57.7	55.6	47.8	52.3
46.5	45.2	41.3	48.2	42.7	59.7	50.4	53.1	43.7	47.0	56.3	0.0	45.9	53.2	58.0	54.2	53.3	52.3	56.1	52.0
57.1	46.8	59.6	42.9	49.8	45.7	57.7	45.5	41.4	44.1	45.9	42.2	0.0	53.7	45.7	42.5	52.3	41.7	46.5	52.3
59.9	60.0	42.3	46.6	57.4	60.6	54.5	58.1	58.6	53.5	41.3	48.2	44.6	0.0	47.0	59.7	46.7	44.7	45.8	55.4
58.7	60.1	57.1	50.8	51.2	52.7	60.4	55.3	53.4	60.1	56.8	45.7	48.8	59.3	0.0	44.3	44.2	51.8	55.8	56.0
52.8	53.8	53.6	46.8	59.2	42.4	45.6	42.3	50.3	55.9	46.6	46.7	46.0	59.3	47.7	0.0	58.8	56.0	52.0	48.6
43.8	59.0	46.9	41.3	59.8	51.1	43.4	48.4	57.4	58.1	43.2	56.6	57.0	55.7	50.9	59.3	0.0	55.8	57.7	43.4
44.9	49.6	43.6	52.9	49.0	41.9	42.8	42.0	41.6	47.3	53.6	52.4	57.3	54.8	59.6	60.4	50.6	0.0	50.1	58.3
51.1	47.0	60.6	58.5	53.3	43.7	56.5	58.2	43.5	58.4	58.7	57.1	42.4	59.6	49.0	48.1	57.6	48.0	0.0	48.6
42.8	49.5	52.8	45.9	54.2	55.0	59.1	60.8	41.7	58.4	43.3	53.2	55.7	48.5	55.7	49.9	48.5	57.5	45.4	0.0
0.0	57.7	56.6	50.3	55.1	52.1	50.4	48.4	45.8	42.3	56.6	44.5	44.0	48.6	50.8	43.5	50.4	54.0	51.5	48.3
57.7	0.0	60.7	49.7	52.6	58.8	43.3	46.3	54.1	42.2	53.3	53.1	50.9	41.2	52.0	50.0	52.6	55.9	59.3	44.3
57.2	43.6	0.0	46.4	50.4	61.0	53.7	51.7	46.5	54.9	50.4	48.1	60.8	53.5	57.9	42.7	53.5	60.8	57.7	57.3
57.9	51.5	53.9	0.0	55.2	43.0	45.1	49.2	50.4	59.4	58.0	49.4	51.0	48.4	56.6	50.5	51.8	43.7	57.1	53.8
41.9	59.7	56.6	55.1	0.0	51.7	52.5	44.9	58.0	42.3	45.5	46.3	45.1	51.7	57.0	41.4	58.0	52.8	49.0	52.9
48.0	54.9	49.9	51.9	49.6	0.0	42.7	51.2	52.0	58.4	56.0	54.1	49.7	57.8	56.8	42.5	58.3	45.4	44.4	46.5
43.3	41.0	59.8	48.7	58.3	50.1	0.0	59.6	47.7	42.6	53.9	55.2	52.5	55.3	43.2	58.1	46.0	57.8	45.3	54.5
60.6	55.0	45.8	46.1	52.1	59.1	41.9	0.0	52.7	51.4	47.0	43.8	53.6	59.0	57.0	55.5	57.6	49.6	57.4	46.9
52.3	46.4	56.9	56.0	44.4	46.4	57.6	60.4	0.0	53.3	54.0	49.6	43.0	57.9	45.8	49.8	57.4	45.3	56.3	45.0
47.9	56.5	47.4	50.7	56.0	44.2	43.7	43.8	46.3	0.0	44.2	60.0	46.4	44.8	55.5	54.1	59.0	43.9	48.1	58.7
56.1	57.8	57.7	53.6	55.4	60.8	55.9	46.3	57.2	50.8	0.0	53.8	57.3	56.9	60.1	50.4	50.3	57.6	59.0	59.2
41.5	53.0	55.6	41.9	57.0	50.5	43.1	56.0	56.8	47.4	47.7	0.0	42.2	47.1	46.7	43.4	46.3	54.3	55.2	48.5
61.0	46.0	52.0	50.5	49.4	47.8	41.0	55.5	56.1	54.9	54.3	58.1	0.0	50.3	55.3	60.4	41.9	44.3	49.3	44.8
59.2	46.8	58.4	56.8	50.6	60.8	58.9	42.2	42.9	49.0	44.0	47.9	44.7	0.0	42.1	58.8	46.7	56.7	55.3	58.6
59.7	49.5	55.9	42.7	55.3	51.4	54.7	50.6	44.8	43.9	53.8	48.2	53.1	41.6	0.0	50.9	49.1	41.2	47.6	58.1
54.2	60.5	44.8	50.7	42.5	50.7	43.4	43.7	57.2	43.2	57.8	49.4	48.3	52.7	59.6	0.0	49.9	60.6	48.1	53.5
54.4	47.0	44.5	41.3	60.7	44.8	46.1	53.8	42.5	55.0	44.4	48.6	48.8	59.4	55.8	54.6	0.0	47.1	53.5	53.8
43.7	53.1	59.3	48.9	43.3	42.3	42.9	43.1	48.5	58.9	56.8	49.5	60.2	47.6	44.0	60.3	54.0	0.0	57.7	57.7
56.2	55.2	46.1	59.3	58.6	52.2	45.5	44.6	58.9	56.6	49.5	41.3	46.1	53.6	49.0	61.0	47.4	49.1	0.0	44.1
42.5	52.5	41.8	49.9	47.1	54.0	53.5	57.6	45.8	53.2	48.4	54.4	48.4	57.6	51.7	51.7	41.7	45.3	55.1	0.0
0.0	43.4	53.5	44.2	51.9	47.2	46.1	50.0	58.6	54.3	48.1	52.1	52.4	48.8	41.4	49.4	46.2	53.9	41.9	44.2
56.3	0.0	58.5	52.3	59.0	52.5	41.6	42.3	51.9	47.9	60.6	41.6	46.0	57.1	45.5	42.6	50.0	57.5	46.6	58.3
53.0	60.7	0.0	43.0	54.5	57.9	55.7	41.6	47.1	53.3	57.7	48.5	56.6	43.8	53.4	58.2	43.1	44.8	52.5	46.5
45.1	51.3	48.2	0.0	56.2	53.7	56.9	59.9	47.6	51.8	54.1	42.5	57.6	47.5	46.3	51.1	53.9	55.3	57.3	46.2
45.6	47.4	48.7	53.0	0.0	58.4	57.3	57.9	50.2	44.8	49.4	45.3	56.3	57.3	54.7	43.4	60.6	41.7	58.9	41.8
47.1	58.5	57.4	49.1	54.9	0.0	55.3	57.1	44.7	58.7	60.0	43.0	57.7	58.2	60.6	57.2	44.4	41.2	51.8	52.6
58.4	51.1	52.3	52.6	59.0	58.7	0.0	52.2	56.3	47.0	60.8	41.7	41.0	57.3	53.6	53.6	53.5	59.9	50.3	52.7
41.9	42.4	57.2	60.3	47.5	51.5	45.3	0.0	59.4	53.4	53.0	51.5	58.2	53.8	55.2	56.1	41.2	46.4	51.1	43.6
44.8	55.3	50.1	49.5	52.2	59.8	46.8	55.9	0.0	57.2	48.5	54.4	48.4	59.7	57.8	51.0	44.4	58.4	54.2	47.3
54.9	43.1	60.7	55.3	43.0	42.4	54.0	57.0	44.3	0.0	42.6	45.8	58.4	44.2	43.6	44.4	44.0	49.9	45.4	47.8
58.1	42.2	47.9	55.5	49.8	59.9	54.0	51.2	48.5	45.7	0.0	49.3	42.3	50.4	55.7	56.3	43.5	47.5	55.9	45.3
57.1	53.7	55.4	54.6	51.9	45.9	57.1	60.6	45.7	48.2	58.9	0.0	55.3	58.2	43.7	47.2	49.2	42.7	44.5	47.5
58.6	58.9	57.0	48.2	59.9	53.2	59.7	50.8	59.4	47.1	53.9	58.9	0.0	52.2	42.9	46.9	44.8	47.3	60.9	58.3
56.8	53.8	48.0	56.8	54.1	44.7	48.9	46.1	43.5	55.7	60.8	48.3	50.5	0.0	43.7	44.6	58.7	45.7	58.5	56.8
54.9	43.5	59.8	56.2	60.7	44.4	58.3	44.4	43.4	41.5	56.8	44.1	49.9	41.9	0.0	59.0	56.2	57.3	60.6	41.9
55.0	50.0	47.5	52.0	51.4	56.4	53.4	55.9	52.3	42.2	42.1	49.9	60.6	57.5	54.8	0.0	56.8	43.7	58.6	50.8
46.8	55.3	46.5	50.0	60.6	51.1	57.8	58.8	55.4	59.2	57.5	60.9	41.5	48.4	53.5	52.3	0.0	54.7	52.5	60.1
48.9	47.2	47.7	50.1	60.3	51.7	60.2	55.3	57.8	45.6	48.6	51.0	54.0	60.5	44.3	52.8	52.7	0.0	50.0	55.4
48.8	59.3	52.8	43.9	48.7	44.4	55.3	56.1	56.3	51.1	55.9	60.7	61.0	50.9	59.4	44.4	58.8	60.7	0.0	47.2
41.1	60.1	41.6	60.0	60.0	59.6	45.3	41.5	49.1	52.9	51.6	49.9	58.3	44.8	49.6	57.9	59.3	59.0	55.0	0.0
0.0	56.6	44.6	54.0	57.1	58.9	44.7	51.4	56.2	43.8	60.7	59.2	46.6	52.9	51.0	45.9	59.4	47.5	51.4	52.5
56.3	0.0	47.5	50.4	55.9	43.6	48.6	49.7	46.5	46.2	48.5	51.2	50.4	51.5	53.0	50.6	47.2	42.2	42.0	46.8
48.3	43.8	0.0	45.6	56.7	47.8	48.5	49.1	60.5	48.7	48.2	43.4	52.1	54.9	41.0	44.8	48.3	42.6	59.7	45.0
58.7	47.8	44.1	0.0	44.8	44.8	51.5	55.2	48.4	57.4	45.9	43.8	50.9	41.4	46.0	48.1	53.0	43.7	59.6	42.8
58.2	49.3	46.9	54.6	0.0	47.7	43.3	54.0	46.2	42.2	49.8	44.4	55.7	50.0	50.4	59.4	49.2	54.8	49.8	57.1
45.8	60.4	42.1	57.0	43.5	0.0	55.0	42.1	57.8	41.2	48.7	55.0	56.6	54.8	46.7	58.5	57.1	59.8	59.8	51.7
46.5	53.3	42.5	52.7	54.2	51.5	0.0	53.9	45.9	42.7	41.7	51.4	54.9	42.0	49.1	48.1	45.2	60.5	49.5	55.5
60.4	47.7	57.1	60.3	57.2	58.9	42.7	0.0	45.5	44.6	57.8	54.3	47.4	54.7	54.3	49.0	45.2	46.4	46.0	45.3
55.2	60.1	45.5	49.2	60.7	42.6	56.9	54.4	0.0	54.8	53.6	60.8	53.4	58.9	49.6	48.3	52.1	57.9	56.6	55.8
57.2	59.6	48.0	43.9	41.7	53.3	43.3	60.9	46.4	0.0	51.0	45.8	48.3	51.3	49.7	43.3	58.1	52.7	53.4	52.4
53.2	60.3	41.7	49.7	57.9	55.8	44.8	49.5	57.8	44.5	0.0	50.1	54.8	43.4	55.1	60.7	45.7	51.8	57.3	58.0
47.3	44.9	52.3	52.6	53.8	52.8	56.1	50.1	49.3	58.9	48.2	0.0	55.1	56.6	50.7	52.7	51.3	60.9	42.5	41.7
54.1	52.2	44.7	59.3	60.1	56.6	56.9	41.7	60.3	54.2	52.0	53.4	0.0	54.7	58.7	57.0	50.5	41.7	45.8	59.6
42.4	48.7	53.0	58.6	47.6	57.3	52.3	43.4	52.4	43.8	52.7	55.3	56.8	0.0	46.8	52.6	54.0	58.5	46.3	55.7
50.4	46.7	44.3	47.5	47.9	42.9	59.3	58.8	53.6	47.7	43.5	41.4	47.2	42.5	0.0	53.3	60.5	42.2	41.9	41.1
58.7	55.3	44.9	43.8	51.0	43.8	51.1	48.8	41.1	50.9	45.5	41.5	58.6	48.7	51.5	0.0	47.2	58.6	52.5	45.9
48.3	48.2	50.3	42.3	41.6	42.2	47.1	52.7	54.9	45.3	45.7	44.3	45.8	47.2	49.4	45.2	0.0	46.0	48.8	55.8
43.9	56.5	52.4	47.5	48.1	49.7	56.3	47.2	43.4	54.0	54.9	60.2	51.4	44.3	53.8	60.3	59.1	0.0	57.4	45.7
45.8	58.3	47.6	41.6	56.2	56.3	53.3	57.2	54.1	50.2	53.2	52.7	52.6	59.4	53.7	42.9	59.9	59.0	0.0	41.6
50.7	42.9	56.9	56.1	46.6	44.4	54.1	57.7	55.9	54.8	41.0	60.9	57.3	46.7	50.3	50.2	44.8	54.1	48.0	0.0
0.0	57.8	54.6	46.6	46.0	60.7	54.9	58.2	58.2	56.3	52.8	59.5	55.3	42.1	44.0	59.5	51.1	59.9	48.7	43.5
54.2	0.0	60.2	55.0	50.2	57.1	46.4	57.3	58.8	58.9	42.7	49.8	52.5	43.6	56.4	49.3	48.3	41.9	49.9	57.3
41.8	59.0	0.0	50.0	56.2	59.1	49.1	46.5	50.1	44.0	44.0	51.8	46.5	48.4	57.9	50.1	42.8	54.3	47.8	41.3
51.5	46.6	45.4	0.0	53.8	42.8	55.8	53.4	52.0	45.4	49.2	47.7	52.6	58.4	45.9	58.7	42.0	48.0	50.8	59.1
56.9	59.4	43.6	58.2	0.0	42.8	54.9	45.9	56.5	46.7	60.2	52.6	46.3	43.7	49.3	42.4	55.7	44.6	51.0	50.8
41.4	43.7	52.5	58.6	44.3	0.0	50.9	50.4	41.6	55.9	50.2	45.7	52.3	54.8	57.7	48.3	58.8	56.3	48.2	56.4
56.8	50.0	44.8	45.4	47.8	53.0	0.0	50.4	44.1	43.0	52.2	41.1	52.8	58.5	47.5	60.1	44.7	43.1	42.2	57.4
45.1	53.1	58.9	54.7	45.7	45.6	48.8	0.0	44.4	57.1	48.6	57.6	55.9	59.4	58.0	42.3	48.0	56.1	51.7	46.9
44.4	44.4	49.1	58.6	55.9	43.0	56.9	58.6	0.0	48.3	52.9	51.9	47.5	52.2	60.8	49.7	42.0	42.9	51.9	51.0
48.7	41.3	57.8	42.3	42.6	59.2	48.3	42.1	60.7	0.0	56.6	59.0	58.7	45.3	57.2	42.8	44.7	53.2	41.9	58.7
50.7	46.2	58.6	46.6	54.4	60.4	53.1	48.0	43.2	44.6	0.0	46.3	57.4	55.9	59.9	48.9	47.9	43.6	57.2	56.6
45.5	54.6	42.3	53.6	55.1	49.4	47.2	43.9	43.3	42.6	41.4	0.0	59.7	41.9	55.6	54.2	41.1	52.6	44.0	57.7
47.0	56.4	44.3	44.6	47.3	46.7	48.2	44.5	57.0	59.3	59.2	53.4	0.0	60.6	48.2	55.7	56.7	54.4	54.6	42.8
51.2	60.1	57.8	52.9	54.3	59.1	53.4	50.0	44.2	48.3	60.6	45.3	44.3	0.0	51.0	48.0	45.3	59.8	48.1	48.3
45.7	54.2	52.8	50.0	52.7	45.7	49.2	45.7	59.8	57.1	53.7	56.0	43.2	56.9	0.0	57.3	48.7	59.2	44.4	42.1
59.2	59.2	51.3	46.1	41.2	53.4	42.9	53.6	51.3	45.1	46.9	53.5	41.6	55.8	50.3	0.0	45.4	48.7	57.9	54.9
48.9	49.2	53.5	48.7	52.2	46.0	44.0	52.2	52.1	55.7	58.1	56.8	52.2	49.4	45.3	46.7	0.0	57.8	55.7	57.4
56.0	58.7	47.8	52.6	44.0	57.8	42.2	52.4	54.6	44.7	52.8	58.9	49.5	42.1	47.8	58.5	49.1	0.0	48.8	60.7
41.6	56.6	53.0	58.8	58.3	52.1	48.3	54.8	41.5	59.3	54.7	52.2	55.1	48.2	54.0	41.4	51.9	42.8	0.0	44.9
52.6	55.0	48.2	48.1	52.0	49.1	53.1	55.1	60.2	44.3	53.0	44.5	48.7	44.1	60.8	42.1	51.9	48.5	52.8	0.0
0.0	54.3	52.8	55.9	49.9	49.7	50.0	44.0	56.9	45.8	60.6	51.1	60.7	41.8	47.6	43.2	52.8	55.3	45.7	53.9
49.8	0.0	57.4	43.7	47.1	53.4	44.7	48.4	55.2	51.7	45.1	45.7	41.1	60.1	43.2	54.4	42.0	49.3	55.0	47.5
59.6	58.0	0.0	60.5	49.4	55.1	53.1	45.3	53.1	49.1	43.1	47.8	56.2	48.8	57.8	52.6	59.2	49.4	58.7	46.2
50.1	55.1	57.7	0.0	41.7	59.2	45.8	56.9	50.1	56.0	51.4	41.8	52.4	47.8	42.3	59.8	49.2	48.4	48.1	46.4
55.7	60.9	49.4	46.3	0.0	60.6	52.1	46.2	41.4	56.7	51.9	58.3	54.1	48.8	46.3	49.9	59.2	43.3	48.9	45.7
60.4	52.5	55.8	46.8	59.0	0.0	46.4	48.9	44.9	53.3	51.5	54.8	56.3	46.1	41.3	42.0	57.7	60.7	58.0	56.4
60.0	52.6	56.2	53.7	43.9	46.6	0.0	55.6	41.6	57.4	52.4	57.0	42.5	55.5	55.3	55.5	58.2	43.1	55.4	58.4
55.5	54.7	55.0	57.4	57.9	49.4	56.9	0.0	41.2	51.2	59.7	49.2	47.5	59.6	58.4	47.5	45.8	45.9	47.2	53.3
53.2	45.3	47.3	43.4	51.5	42.6	46.9	54.4	0.0	44.4	57.1	44.3	45.2	44.1	57.6	51.3	47.7	50.3	50.1	42.4
45.9	51.2	54.2	55.4	43.6	41.9	54.7	50.3	45.0	0.0	57.8	52.2	59.7	44.8	60.4	42.8	48.7	41.1	57.3	60.3
43.5	59.0	60.7	58.2	57.9	49.3	45.2	57.1	46.1	55.9	0.0	57.3	60.5	58.6	53.7	49.8	44.8	47.0	52.9	52.7
60.9	53.9	42.2	48.6	58.9	49.1	56.1	55.8	51.7	58.3	47.2	0.0	53.6	50.7	47.6	60.7	46.6	51.3	49.8	45.0
48.3	46.6	56.2	54.5	43.1	54.5	53.0	51.6	49.3	49.6	52.0	54.1	0.0	43.7	52.5	54.1	53.1	42.1	59.7	42.2
59.2	44.3	46.1	43.9	52.8	60.3	51.4	45.3	57.8	46.9	54.1	56.1	51.7	0.0	48.4	51.9	45.7	53.2	54.2	47.2
42.1	53.9	59.5	50.1	44.3	59.7	56.5	59.5	47.1	55.2	50.2	43.8	58.9	46.4	0.0	54.5	48.1	47.0	54.2	41.7
51.5	50.9	54.8	46.7	47.1	48.8	53.6	56.3	59.6	57.4	48.2	48.0	60.2	51.8	45.6	0.0	50.3	58.1	59.5	42.0
44.8	56.5	45.9	42.9	53.0	50.6	42.3	44.3	51.0	59.7	44.4	58.8	59.2	60.9	52.4	57.4	0.0	44.1	44.6	52.4
44.8	51.9	45.7	50.9	47.5	59.5	60.9	51.9	59.5	55.2	44.2	46.5	44.2	60.9	50.3	42.6	46.6	0.0	43.3	58.2
53.2	56.0	58.6	54.3	49.9	59.7	48.9	52.5	60.9	58.7	41.7	52.2	46.5	53.5	49.9	60.2	56.4	52.2	0.0	43.6
54.1	56.2	60.7	42.4	47.8	57.1	51.2	58.2	56.7	49.8	60.1	44.1	42.1	52.3	45.0	43.9	43.4	51.9	53.7	0.0
0.0	44.5	47.0	45.9	41.6	58.7	58.6	51.8	42.6	41.3	60.0	42.1	47.2	48.7	52.8	43.9	49.5	53.4	47.6	41.8
48.6	0.0	51.7	53.8	48.9	50.1	51.3	46.9	57.5	45.7	50.1	57.6	51.1	51.1	47.2	59.0	42.2	56.3	42.4	51.3
50.3	56.3	0.0	57.2	46.6	51.5	59.8	41.5	41.4	47.2	54.8	49.2	60.7	51.8	47.3	41.7	60.1	48.2	52.1	60.4
49.1	56.1	60.1	0.0	54.1	53.2	52.6	52.1	60.1	43.1	57.3	51.0	56.2	52.5	55.2	41.4	42.9	59.1	41.7	41.6
41.4	51.2	60.0	48.1	0.0	56.6	44.1	56.3	42.6	59.3	48.3	57.8	58.6	47.2	50.1	50.1	46.1	49.8	56.9	43.2
54.4	58.1	56.9	56.5	43.8	0.0	51.1	54.2	46.6	46.7	55.0	46.7	57.4	52.8	41.1	51.1	51.8	43.5	53.6	48.5
44.7	41.9	41.8	49.3	58.9	53.6	0.0	54.9	43.8	42.2	53.5	46.3	58.5	54.8	59.4	58.7	56.8	61.0	46.7	45.5
59.2	54.0	47.7	52.7	53.4	55.0	48.6	0.0	60.0	55.8	51.7	48.0	50.3	45.0	59.6	57.2	52.4	60.4	54.5	45.2
50.2	45.6	55.6	46.3	57.1	53.1	50.9	53.4	0.0	52.0	42.3	58.3	48.3	59.4	42.7	57.9	56.1	44.8	55.3	55.4
50.0	43.0	52.6	41.8	41.0	51.1	50.0	59.5	57.5	0.0	55.9	47.6	55.1	50.7	52.8	41.3	60.8	58.2	53.5	54.6
56.5	54.4	52.6	57.4	45.8	60.2	54.9	59.8	51.8	50.8	0.0	57.3	56.2	55.7	49.0	41.7	47.7	56.5	54.4	47.6
49.9	41.9	42.8	49.4	61.0	60.4	41.5	51.7	46.6	41.6	56.5	0.0	44.7	50.5	44.3	52.4	49.1	51.7	57.9	49.0
52.4	55.3	43.2	49.3	54.6	44.8	42.6	44.8	43.7	51.9	51.6	41.9	0.0	43.1	54.1	52.5	50.2	43.8	55.7	56.8
43.5	55.5	53.1	56.7	52.7	58.9	54.8	43.1	41.9	57.2	41.0	48.1	43.5	0.0	44.0	58.8	46.8	41.4	46.9	56.9
51.8	55.5	51.3	52.1	48.3	44.8	41.6	54.1	49.4	44.0	55.5	60.7	45.0	55.4	0.0	59.0	43.8	46.9	48.8	60.1
56.9	54.8	42.3	50.9	44.2	60.0	42.9	56.2	46.9	42.5	55.0	57.7	45.9	42.1	58.2	0.0	45.4	60.8	46.3	49.1
47.2	55.8	45.0	56.7	47.1	58.0	49.2	57.4	48.6	58.1	44.6	45.8	58.7	50.3	52.7	60.6	0.0	58.1	54.6	44.1
43.7	54.2	48.3	55.5	53.5	55.0	47.6	44.0	60.0	46.0	56.1	47.6	45.2	48.1	47.2	49.7	46.1	0.0	50.4	54.5
42.7	57.1	61.0	50.2	44.0	51.6	53.6	41.6	45.9	43.7	44.9	48.6	41.1	55.6	42.2	55.6	56.7	42.7	0.0	56.0
54.7	51.2	57.5	55.3	48.3	55.7	52.2	56.8	41.0	54.2	43.9	42.1	56.7	42.0	49.4	48.4	53.6	53.4	41.9	0.0
0.0	57.4	43.4	43.1	56.0	54.3	48.0	59.1	54.7	52.8	48.4	54.0	48.2	46.6	55.6	43.4	59.0	41.6	55.1	57.0
57.3	0.0	51.9	58.6	45.0	59.2	60.0	46.8	42.1	45.5	49.3	53.1	43.3	44.8	46.6	55.4	47.3	48.3	61.0	50.5
50.9	45.2	0.0	60.8	45.9	43.6	50.9	47.5	50.5	41.5	52.4	53.6	57.8	43.1	46.9	52.9	41.5	42.7	45.2	59.1
57.9	55.4	59.9	0.0	59.3	41.4	54.1	50.0	56.2	54.2	44.1	57.5	41.2	46.7	57.9	50.4	48.5	46.9	41.3	52.4
47.8	60.8	54.1	59.1	0.0	41.2	60.1	59.3	53.1	49.3	44.9	50.9	52.0	54.6	60.0	50.3	48.8	57.9	58.7	58.1
46.8	44.4	54.6	56.7	48.6	0.0	44.2	49.0	43.4	53.6	42.1	50.0	42.1	44.1	58.5	55.9	56.8	54.0	43.7	45.9
50.6	45.2	42.8	45.3	42.2	54.7	0.0	48.3	51.4	48.1	48.3	56.5	47.6	43.6	47.0	52.8	51.3	46.4	47.8	43.5
41.5	52.3	47.0	53.6	49.9	48.9	56.6	0.0	46.5	46.9	47.4	54.5	44.4	54.6	57.3	52.8	41.0	44.0	47.1	43.2
59.6	49.2	56.8	46.7	56.6	48.1	43.3	45.6	0.0	49.4	59.8	49.0	56.9	50.5	42.7	42.9	53.5	43.7	49.2	43.7
52.9	60.2	54.6	53.3	43.4	46.8	57.1	49.2	42.4	0.0	59.7	50.1	47.0	59.6	47.1	50.6	48.8	61.0	59.9	60.7
46.3	56.1	50.2	41.4	57.5	45.4	49.0	51.3	51.4	43.5	0.0	43.5	50.9	55.8	45.5	53.5	58.9	49.9	45.3	41.2
41.9	44.0	51.7	53.4	57.9	57.8	52.9	58.7	51.0	55.5	42.4	0.0	59.3	60.1	59.8	55.6	54.8	41.2	59.3	58.5
56.0	41.6	58.0	44.8	60.1	60.4	43.8	60.7	57.6	42.7	60.6	42.6	0.0	44.1	43.7	51.9	58.1	58.4	58.4	52.7
45.7	45.8	51.4	57.2	60.1	47.2	52.8	52.1	60.0	51.8	45.3	58.7	53.7	0.0	59.7	49.8	57.1	45.1	48.9	46.5
53.0	53.6	57.5	56.9	58.6	51.6	43.5	55.8	42.9	42.4	49.0	52.4	52.1	60.9	0.0	43.1	56.4	60.3	41.7	55.3
60.7	41.4	46.6	46.2	54.0	59.5	58.6	47.1	52.1	59.9	44.7	48.1	43.3	50.5	56.3	0.0	53.1	48.1	52.6	58.1
42.2	42.8	54.5	60.3	44.9	56.1	43.9	46.3	47.4	43.2	50.0	43.1	43.3	59.4	56.8	55.2	0.0	55.6	50.0	44.5
59.5	49.0	41.3	41.6	59.0	53.4	51.0	56.3	43.7	46.3	57.5	60.5	42.2	55.6	57.0	46.0	46.7	0.0	57.9	60.4
48.3	51.1	48.9	52.7	47.8	43.1	52.9	56.5	57.2	59.5	50.8	51.9	57.9	57.0	52.3	52.7	60.5	55.1	0.0	45.2
54.6	58.5	52.2	56.2	51.9	50.3	50.1	44.3	57.1	49.2	54.6	44.6	50.8	48.5	59.0	45.5	51.5	48.1	46.7	0.0
0.0	60.6	54.1	57.2	54.3	60.5	42.1	54.3	47.4	56.4	54.5	50.5	56.8	49.2	54.8	54.4	41.2	47.3	42.0	58.6
44.0	0.0	51.8	52.8	41.1	45.6	44.1	50.5	57.4	50.7	51.7	52.4	53.9	41.9	45.7	49.4	60.8	55.1	44.8	50.5
52.4	56.0	0.0	57.0	52.3	47.9	46.1	60.3	56.1	43.1	51.6	56.2	56.2	52.4	42.4	47.4	50.6	55.5	49.0	47.8
56.9	51.7	41.8	0.0	55.2	43.2	57.3	50.0	47.2	44.7	44.8	53.0	46.3	58.9	56.1	52.2	57.8	41.1	42.4	41.5
49.5	51.5	51.6	57.5	0.0	47.3	59.6	51.8	59.7	45.5	53.3	53.8	59.5	45.2	58.4	46.7	59.1	58.7	56.8	58.3
51.0	49.2	52.3	43.0	58.5	0.0	48.2	51.5	60.2	48.4	56.3	51.2	56.5	46.5	47.5	44.8	46.4	60.4	57.2	41.2
54.3	46.8	53.4	60.3	57.8	49.1	0.0	52.8	57.0	51.6	53.0	55.1	45.4	53.1	57.0	50.3	43.2	45.9	59.9	57.7
45.3	53.0	46.3	52.6	41.5	41.4	45.0	0.0	51.3	51.1	55.6	46.3	59.0	58.7	59.3	47.3	55.1	45.7	49.2	57.4
49.0	61.0	59.6	45.6	54.7	50.3	42.3	55.6	0.0	43.3	45.7	49.4	59.0	57.7	54.9	50.5	60.6	43.8	52.5	54.4
60.3	45.2	45.4	52.1	57.1	47.6	48.6	58.5	41.8	0.0	43.8	54.8	60.1	43.0	45.0	60.7	52.0	59.5	45.9	49.2
50.8	47.2	51.2	49.7	41.4	46.1	52.0	47.0	58.7	52.5	0.0	52.0	58.3	54.7	50.6	50.8	59.1	50.7	46.0	54.8
45.8	51.7	46.0	52.9	55.9	46.4	51.6	58.4	48.2	55.1	56.0	0.0	50.8	44.4	43.5	58.4	43.3	44.0	41.7	52.8
45.3	48.5	44.2	49.0	45.6	56.4	59.3	42.2	53.8	60.4	45.4	50.6	0.0	41.9	53.4	53.7	49.4	60.2	60.8	59.5
57.1	44.8	45.6	51.0	41.7	54.2	41.4	43.8	48.2	53.7	54.9	59.1	52.8	0.0	52.9	50.7	42.2	48.8	46.1	42.0
54.8	45.6	50.8	51.7	54.5	58.0	53.3	50.2	56.4	44.3	55.0	56.2	59.1	58.2	0.0	59.2	41.1	56.9	59.2	42.7
50.0	60.9	56.7	60.6	53.7	41.4	43.7	42.3	45.6	57.1	47.5	55.3	52.8	41.6	46.6	0.0	45.2	41.9	53.8	57.5
52.0	41.3	45.8	48.0	44.5	44.5	60.5	42.9	47.8	47.6	60.0	43.4	46.8	44.9	53.8	49.1	0.0	49.9	50.4	46.5
42.2	47.2	46.1	52.3	51.9	47.4	44.9	45.6	60.7	51.4	56.1	42.5	41.9	44.0	60.9	60.0	55.2	0.0	44.6	53.7
49.3	53.3	49.5	52.2	51.2	42.9	44.9	45.6	56.8	51.1	54.8	53.5	55.0	45.2	51.0	43.8	51.0	42.9	0.0	49.9
42.5	52.8	59.1	57.7	43.2	45.3	58.3	46.3	51.7	60.8	51.1	48.1	42.0	50.0	52.4	60.4	44.5	50.0	49.8	0.0
0.0	56.8	43.9	48.5	53.5	51.9	49.1	43.9	53.4	45.4	59.3	59.6	43.5	56.7	52.2	50.6	49.9	47.4	60.6	41.1
52.0	0.0	43.3	56.1	50.8	44.9	43.9	49.3	46.8	60.4	51.9	41.5	53.7	57.3	44.3	59.8	55.5	51.7	55.1	60.9
43.5	59.7	0.0	43.9	59.5	53.4	56.6	53.9	51.2	42.4	42.1	48.5	44.4	43.1	52.6	55.1	46.1	47.9	50.3	59.4
58.6	57.0	55.9	0.0	47.6	48.3	54.2	52.8	42.8	46.6	44.0	59.2	45.1	47.5	53.1	59.0	60.6	41.9	49.3	42.4
41.5	52.0	46.7	47.3	0.0	53.9	57.4	47.5	50.9	45.2	48.7	53.9	55.7	51.4	47.1	42.7	46.5	44.5	59.0	58.2
49.6	58.8	47.9	49.2	47.0	0.0	58.8	43.8	41.2	58.9	48.8	47.7	53.8	53.1	51.1	56.1	44.2	46.1	57.4	43.5
56.0	55.1	52.5	54.8	55.6	59.3	0.0	43.5	55.8	49.5	57.2	50.3	45.8	59.0	41.7	41.1	50.5	57.1	55.8	42.9
43.1	60.2	45.5	43.2	46.9	48.9	53.4	0.0	43.7	44.2	53.9	41.8	51.8	53.6	52.3	50.1	44.7	54.7	47.0	50.9
47.2	52.7	54.6	52.7	55.6	58.1	48.8	45.5	0.0	56.7	55.8	48.7	43.2	52.8	42.1	52.9	43.9	45.0	60.5	49.1
55.5	55.7	48.1	45.3	54.2	46.4	54.3	43.6	54.8	0.0	41.6	53.0	59.1	56.5	50.3	56.4	55.1	53.4	55.7	56.5
42.9	51.6	52.3	48.6	48.2	58.1	56.2	48.4	48.6	52.2	0.0	51.8	55.6	45.7	51.3	52.2	51.8	57.9	53.8	44.1
50.6	44.6	44.8	54.0	51.6	57.0	55.1	58.0	54.2	51.6	60.6	0.0	55.5	42.5	56.1	54.7	49.4	51.8	41.9	50.9
50.3	44.6	50.1	58.3	46.0	46.8	57.5	53.6	47.5	41.6	54.9	48.3	0.0	45.9	49.7	51.6	57.0	47.5	56.9	51.1
42.1	42.5	43.6	41.7	44.9	55.4	45.0	55.3	52.9	43.9	41.4	45.9	53.8	0.0	42.8	59.9	45.8	48.1	44.2	52.5
41.2	41.7	56.3	48.2	51.6	50.4	50.3	45.0	43.9	57.4	41.3	43.9	52.6	46.9	0.0	60.4	42.3	56.6	59.5	41.0
52.8	50.8	52.8	59.7	47.1	49.6	50.7	46.1	60.6	56.5	47.9	43.3	57.8	46.1	53.9	0.0	58.9	45.6	54.2	56.6
59.8	56.6	41.5	55.3	55.7	50.2	59.9	54.4	41.9	41.1	43.8	44.9	56.6	60.8	55.0	47.2	0.0	49.0	42.9	41.6
60.1	41.9	49.0	57.1	58.5	54.2	45.0	43.0	51.0	59.0	58.1	44.7	45.8	41.2	54.7	46.7	43.2	0.0	53.3	58.6
56.0	44.7	49.3	57.0	56.6	50.2	59.6	48.3	55.0	48.8	54.7	47.5	55.6	47.4	57.9	53.9	47.7	47.2	0.0	49.8
59.6	45.3	42.0	48.4	53.3	58.4	47.0	49.7	42.9	51.0	56.8	42.3	48.9	43.6	53.2	49.9	54.4	57.9	52.3	0.0
0.0	54.9	48.0	45.4	54.7	60.1	42.0	46.0	59.2	51.3	50.2	60.9	53.3	54.3	55.4	59.5	59.7	44.8	59.6	52.6
42.7	0.0	55.0	48.7	41.2	42.6	54.2	46.9	41.3	55.1	59.2	43.9	41.8	47.3	46.3	55.8	50.6	56.5	43.8	46.3
58.8	51.6	0.0	60.4	52.0	58.8	42.7	42.0	42.8	42.8	59.7	41.1	59.6	55.0	43.7	57.3	58.7	52.6	44.0	52.0
54.1	60.9	50.7	0.0	54.4	48.3	57.4	46.4	53.3	41.2	55.1	55.1	41.9	55.8	48.5	41.4	46.1	42.1	41.0	52.9
55.6	59.2	47.5	60.5	0.0	45.0	52.8	50.2	41.2	59.6	48.7	57.9	46.4	47.3	43.7	54.1	54.5	44.3	44.2	59.6
41.9	44.8	50.9	56.9	54.1	0.0	50.5	42.1	56.8	43.8	55.3	46.8	50.6	60.2	48.2	59.1	43.1	59.8	48.6	41.2
48.4	60.4	56.4	52.0	45.2	56.1	0.0	57.5	47.8	54.6	41.6	57.2	60.9	58.1	53.9	60.0	57.3	60.1	42.4	46.5
56.9	57.9	53.3	47.5	41.8	47.9	60.4	0.0	49.1	41.9	53.9	58.5	51.7	59.2	54.3	52.5	42.9	55.2	58.5	49.4
41.7	58.7	45.2	53.7	46.3	52.5	43.3	49.8	0.0	50.0	59.4	50.0	58.1	60.9	51.9	44.2	57.2	60.5	60.3	44.2
50.4	53.3	58.8	49.6	45.3	54.9	45.1	58.9	50.3	0.0	52.9	43.2	48.0	55.1	41.3	50.0	47.3	47.7	45.7	60.0
59.4	42.2	41.0	47.9	46.0	56.7	60.9	59.8	45.2	44.8	0.0	47.8	49.3	59.2	51.8	43.8	49.6	52.8	42.9	44.2
54.0	47.3	52.2	51.3	51.7	57.2	49.2	58.6	56.2	48.3	49.2	0.0	41.8	54.9	50.2	43.4	53.4	45.5	52.2	48.9
41.1	51.7	42.6	44.7	47.5	57.4	46.0	41.4	43.4	51.1	47.8	54.1	0.0	44.6	59.8	41.8	52.7	54.1	54.8	57.4
57.0	59.0	51.9	52.3	42.1	47.4	43.4	43.4	48.6	43.0	44.1	46.8	46.0	0.0	51.0	57.2	41.5	56.7	43.0	43.4
55.7	55.6	60.1	43.6	43.7	56.3	41.9	50.2	54.3	50.1	55.3	60.1	49.3	60.9	0.0	60.6	48.7	47.5	51.6	43.5
57.3	53.2	47.7	48.9	47.8	41.6	55.7	41.2	50.1	45.7	56.3	55.3	59.7	52.8	55.1	0.0	59.0	48.5	53.8	57.6
48.7	49.8	58.1	59.2	50.0	48.4	53.9	54.4	41.1	51.0	43.4	58.5	53.1	45.1	48.8	58.7	0.0	50.4	49.3	44.6
54.6	55.2	54.2	43.2	51.6	47.4	54.6	43.8	56.0	44.2	51.7	50.8	60.9	54.6	52.1	42.2	41.4	0.0	50.9	44.9
44.9	54.5	52.6	53.2	59.4	59.6	44.3	57.9	44.2	48.2	54.7	46.4	45.6	59.5	44.8	54.4	41.7	52.9	0.0	59.4
54.4	48.9	45.4	43.8	43.2	41.7	45.5	45.0	46.2	46.9	48.2	46.2	47.1	41.8	48.0	42.9	58.9	57.6	47.6	0.0
0.0	58.7	53.5	59.6	54.8	57.1	46.0	54.3	47.0	45.4	41.9	53.0	52.5	48.4	41.2	59.3	54.6	56.9	43.6	53.6
44.6	0.0	49.6	55.8	44.6	60.2	51.8	58.3	44.1	51.0	59.0	50.8	57.9	58.7	43.4	53.1	59.8	42.6	58.3	56.7
45.7	53.2	0.0	53.0	48.6	60.5	48.1	42.1	50.9	55.1	60.0	61.0	60.9	58.6	48.5	43.9	55.5	60.0	49.2	48.1
41.1	53.2	44.7	0.0	60.7	60.8	54.5	52.8	54.5	59.8	56.5	54.4	50.5	44.5	50.6	60.3	56.6	57.5	43.3	47.0
55.1	44.3	57.0	43.4	0.0	59.0	42.7	60.2	42.1	41.8	56.7	42.0	52.8	41.3	59.7	58.9	49.6	43.2	52.0	55.2
54.3	55.2	60.3	48.2	41.7	0.0	57.0	54.7	43.6	52.7	54.0	46.2	49.0	55.0	41.6	41.8	60.2	41.6	50.5	51.2
55.2	59.3	42.7	55.0	50.5	46.6	0.0	60.6	55.2	60.0	50.6	42.4	55.6	49.6	44.2	57.0	52.1	52.9	45.4	45.3
50.6	55.0	60.6	41.2	44.2	60.9	49.0	0.0	51.1	44.1	46.4	45.0	55.3	60.0	46.1	51.4	57.4	49.4	48.6	57.0
52.8	44.6	54.2	51.1	42.5	45.8	54.7	57.9	0.0	52.4	41.4	41.5	57.4	54.0	50.0	47.6	50.3	57.2	53.7	45.9
52.7	50.9	56.8	60.4	41.5	52.3	42.4	54.7	51.7	0.0	57.0	41.5	47.0	60.7	42.0	55.0	55.5	48.3	55.8	51.6
49.7	48.0	44.2	58.9	42.9	55.1	59.3	54.1	58.9	52.5	0.0	47.8	53.6	59.9	60.3	60.6	48.0	43.7	60.2	58.9
59.5	42.2	55.5	57.5	47.9	42.8	52.6	42.9	48.4	59.1	52.3	0.0	44.7	57.0	42.0	47.3	55.0	44.7	46.6	46.9
55.2	56.8	51.5	46.3	46.4	51.2	59.7	49.2	52.1	59.3	45.9	44.4	0.0	42.2	45.2	51.3	53.1	43.5	54.9	60.8
60.2	50.1	41.4	46.7	58.8	51.0	45.0	45.3	56.9	47.6	58.2	48.2	49.7	0.0	50.9	51.9	42.6	44.4	52.4	60.0
52.9	54.4	42.9	51.8	56.3	51.5	51.2	46.2	41.1	51.2	52.8	60.6	54.6	52.4	0.0	53.5	47.0	59.7	52.5	52.6
55.7	60.1	54.1	58.3	51.6	43.0	45.4	45.0	47.3	60.3	58.7	54.6	42.6	58.8	58.9	0.0	52.3	43.9	58.9	48.3
55.3	55.9	48.9	48.9	51.1	52.9	57.2	48.9	48.2	43.5	60.4	44.7	49.6	50.4	49.7	61.0	0.0	41.1	55.2	43.0
52.5	51.4	49.0	51.5	52.8	57.3	41.5	49.2	42.5	59.9	45.9	42.7	47.3	41.4	51.5	43.0	43.9	0.0	47.1	50.4
42.4	43.1	41.6	49.1	55.7	54.1	47.6	46.0	42.3	48.0	54.2	60.5	58.8	52.1	52.4	48.4	43.8	53.7	0.0	58.5
46.8	58.3	53.5	52.9	48.0	46.4	48.5	58.7	47.6	56.5	42.1	58.8	60.7	41.9	43.3	45.2	59.6	57.4	60.0	0.0
0.0	60.8	60.3	60.3	44.3	59.3	46.2	52.0	49.2	50.2	45.7	46.1	49.7	41.8	58.9	50.0	43.8	45.8	48.6	55.9
60.1	0.0	57.6	51.0	45.6	47.4	57.8	60.2	52.9	57.5	44.7	41.1	57.6	52.8	58.8	44.4	54.0	48.2	59.4	42.5
43.8	58.5	0.0	55.1	60.6	59.7	45.0	46.4	56.7	47.2	58.2	54.7	46.0	47.7	45.0	53.1	44.1	41.9	41.3	48.1
50.5	58.7	55.1	0.0	46.6	53.2	60.1	51.3	47.4	44.1	43.8	46.9	46.9	60.8	43.1	45.3	58.7	47.9	56.3	51.2
41.0	58.4	53.6	57.3	0.0	53.6	60.0	43.2	56.5	46.8	52.3	44.1	56.7	57.7	58.4	53.3	53.6	41.4	52.5	49.3
44.2	53.2	58.9	44.2	59.6	0.0	56.3	55.9	55.3	48.0	50.7	47.9	42.8	50.5	54.1	44.1	56.8	42.6	43.9	60.9
51.3	53.1	44.9	52.2	48.6	43.2	0.0	46.8	57.3	58.6	42.8	59.9	55.4	53.6	52.9	45.1	47.0	60.5	59.9	45.4
58.8	59.7	54.9	55.7	58.2	46.4	50.7	0.0	49.9	47.2	41.8	41.1	54.8	41.3	42.5	41.0	55.5	58.4	45.7	56.3
57.0	55.1	51.3	55.2	50.6	44.9	53.2	48.3	0.0	41.0	44.0	44.7	48.2	54.3	53.0	41.9	48.5	43.9	59.1	58.5
44.1	45.1	46.6	50.0	49.1	52.1	55.0	53.0	50.2	0.0	44.5	43.6	47.0	56.1	46.0	41.5	49.2	59.7	50.9	59.6
55.6	50.9	44.6	53.9	54.0	52.6	42.6	41.1	42.8	58.5	0.0	56.2	54.3	52.4	48.4	56.6	47.1	54.2	45.9	54.6
43.5	47.4	41.7	44.8	58.6	60.6	57.2	52.4	58.6	51.2	59.7	0.0	41.1	47.9	46.2	53.7	53.2	47.3	59.1	41.5
47.8	42.8	54.2	45.6	47.7	41.3	51.4	47.2	44.6	52.9	47.8	45.2	0.0	57.1	59.4	47.7	58.5	43.6	60.2	56.9
46.7	57.1	47.0	52.6	51.8	48.6	58.8	47.4	51.1	56.3	55.1	46.6	51.0	0.0	52.3	54.3	59.1	42.8	44.5	45.8
52.9	47.1	41.7	43.5	59.5	45.3	45.4	52.7	43.2	43.3	50.9	58.9	50.8	58.9	0.0	55.3	49.8	42.1	58.0	46.2
54.1	45.6	51.5	47.9	47.7	56.3	43.5	52.5	57.9	53.6	51.4	57.5	45.9	56.2	59.2	0.0	42.3	48.9	60.8	59.0
50.2	46.9	58.8	44.4	41.9	60.1	49.5	45.5	44.2	59.5	54.6	51.7	43.6	44.4	51.2	44.9	0.0	49.6	44.0	52.9
48.7	59.8	59.3	52.9	41.1	51.5	57.5	42.9	52.4	51.0	57.8	57.1	51.3	48.6	48.9	46.4	50.2	0.0	41.3	55.4
59.7	45.7	55.4	54.5	41.6	55.9	42.5	57.4	48.1	47.4	48.4	51.5	43.0	51.7	45.8	55.5	52.3	52.0	0.0	53.6
53.8	54.1	44.3	56.0	49.7	60.9	47.6	43.5	53.0	41.9	45.0	57.1	55.9	59.6	55.5	47.1	45.7	41.4	59.3	0.0
0.0	42.3	52.8	44.0	44.3	46.9	47.3	52.7	56.6	56.9	49.4	46.0	59.5	43.2	43.7	46.8	59.2	50.3	54.3	51.2
57.0	0.0	58.5	49.4	43.7	45.9	50.3	52.1	47.6	43.5	57.9	59.2	43.9	54.4	46.5	44.8	41.9	59.2	47.3	44.2
49.7	57.4	0.0	46.1	42.5	52.0	50.0	53.6	56.0	55.7	48.8	50.2	46.8	43.0	51.9	54.8	60.9	58.9	44.7	45.4
60.2	58.6	50.1	0.0	56.0	43.3	59.5	60.9	60.3	60.9	58.5	51.0	59.8	48.6	48.0	45.5	44.7	57.8	54.1	60.2
59.3	50.6	47.3	54.9	0.0	59.7	41.7	56.1	48.1	54.3	46.7	47.7	47.8	50.4	60.6	48.4	47.0	50.8	50.5	52.0
45.5	53.7	58.7	60.8	41.1	0.0	59.3	59.3	52.6	55.0	45.2	55.0	45.7	59.7	41.7	45.8	49.8	54.6	60.3	50.9
44.1	60.5	45.3	49.7	47.8	54.4	0.0	52.2	43.4	44.2	43.1	56.5	49.2	43.8	44.3	56.9	51.5	41.1	42.3	47.9
43.9	50.8	55.4	53.8	46.4	44.6	49.3	0.0	47.4	51.0	49.8	57.2	41.9	51.1	42.9	54.6	60.4	57.0	59.5	54.1
48.1	43.3	57.8	51.0	49.3	48.6	51.7	60.6	0.0	58.8	43.4	42.4	45.7	59.2	45.4	45.0	54.6	49.2	45.3	46.7
41.9	43.3	43.7	52.3	45.5	56.2	60.0	44.9	47.2	0.0	57.3	59.1	50.2	43.7	51.5	54.7	53.9	41.8	55.2	48.7
58.3	56.7	49.3	49.5	60.0	43.3	51.2	57.1	52.8	59.9	0.0	47.6	47.7	60.4	48.9	55.1	60.7	57.0	44.9	53.6
42.2	43.1	60.4	47.0	47.0	58.7	41.5	53.8	57.6	59.6	50.5	0.0	50.6	42.3	59.4	58.9	53.7	43.9	53.6	50.6
57.8	49.1	42.1	43.9	42.2	44.6	54.4	58.6	45.0	59.7	51.5	56.8	0.0	60.3	43.3	54.6	43.2	45.5	42.9	49.4
56.3	44.1	50.6	52.1	44.5	41.7	47.7	57.5	55.0	54.8	57.5	49.7	42.3	0.0	47.3	46.9	60.4	52.9	55.1	50.5
59.4	52.8	51.8	52.7	45.0	58.2	57.3	47.0	54.2	57.4	58.3	46.7	45.1	60.6	0.0	59.4	55.3	52.8	49.8	56.2
47.3	43.0	54.9	41.5	47.1	59.0	45.9	58.5	48.7	47.5	58.5	51.4	48.8	50.3	41.7	0.0	55.1	50.2	54.5	53.5
44.7	48.0	59.8	56.2	43.3	53.8	46.9	43.5	58.2	47.1	45.8	59.0	58.9	51.6	46.7	45.6	0.0	45.8	56.4	53.9
53.5	46.6	53.3	48.6	46.6	58.0	41.4	53.8	53.1	56.0	52.3	54.6	43.7	42.2	44.2	44.5	50.5	0.0	53.3	43.6
48.1	57.5	48.0	41.6	57.7	47.1	47.6	45.3	54.4	55.0	43.4	43.7	59.2	42.9	41.6	49.1	56.8	56.4	0.0	56.3
55.5	56.6	57.1	49.9	54.6	45.6	54.1	50.3	41.8	52.3	48.6	41.9	48.0	47.8	47.9	49.3	42.6	58.1	42.7	0.0
0.0	56.8	60.4	51.2	47.7	59.2	54.2	44.1	50.8	45.4	49.0	53.2	45.1	58.9	42.7	45.2	53.9	50.4	58.6	52.4
45.8	0.0	43.6	48.5	49.1	59.7	52.1	49.0	44.4	58.7	42.7	41.2	44.0	55.7	55.4	59.0	42.8	58.1	42.3	49.0
47.2	47.7	0.0	52.4	45.0	53.5	56.0	44.2	46.1	60.9	47.7	52.9	51.5	58.5	56.5	44.4	52.9	52.0	53.5	55.9
43.9	44.5	60.1	0.0	49.6	50.3	54.6	58.7	59.7	57.6	45.7	42.3	50.8	44.2	46.0	57.1	56.1	55.8	42.7	59.2
45.4	48.3	42.6	58.9	0.0	48.8	49.3	53.1	52.2	45.4	49.8	42.3	60.6	60.9	44.2	60.7	51.2	45.9	59.9	55.7
56.3	56.7	59.1	55.4	59.7	0.0	44.9	60.9	47.0	45.4	43.6	55.1	56.1	58.8	46.5	43.3	53.0	57.0	51.5	57.6
56.2	47.7	45.0	42.1	50.8	45.9	0.0	50.2	48.6	47.7	46.0	56.7	45.9	57.6	44.8	55.8	56.4	54.7	47.7	58.1
45.0	46.3	53.4	53.1	43.0	56.4	59.8	0.0	52.8	45.0	42.7	42.9	42.3	46.3	44.5	54.6	41.6	59.0	53.3	59.2
57.2	60.4	59.4	46.4	58.6	48.5	53.9	44.8	0.0	44.3	59.9	47.4	51.5	45.4	41.7	53.3	46.0	43.2	57.9	49.6
48.7	56.7	55.9	56.7	58.6	50.9	48.1	59.1	46.1	0.0	55.3	57.4	43.3	55.4	57.5	57.9	55.2	51.9	44.7	50.6
55.6	47.7	59.7	49.4	44.4	49.0	53.5	45.2	53.1	48.7	0.0	52.3	48.3	48.9	49.0	50.9	54.1	53.1	42.1	48.2
41.3	43.0	56.4	51.5	58.2	61.0	44.4	56.8	52.3	57.9	54.9	0.0	48.6	47.2	57.0	50.2	42.1	45.7	51.5	42.2
59.2	47.0	43.6	47.0	51.5	59.3	56.7	56.6	60.3	45.7	53.3	55.3	0.0	51.8	46.6	48.1	49.9	52.9	54.5	53.2
42.5	55.5	43.4	53.9	48.2	50.4	59.5	43.5	44.8	51.3	48.2	56.9	54.4	0.0	59.6	41.6	48.5	48.5	45.4	58.6
57.7	50.0	60.1	44.3	58.9	51.2	47.1	56.0	44.3	44.0	50.0	46.1	59.1	43.4	0.0	57.6	56.0	58.7	57.8	59.5
45.5	41.8	58.9	45.0	52.4	48.8	54.2	60.4	44.1	60.7	59.4	41.9	53.0	45.2	49.4	0.0	45.2	48.3	56.6	46.4
43.8	58.3	53.7	45.9	52.4	57.0	44.5	44.8	42.4	57.0	42.9	41.1	48.9	53.1	56.7	57.2	0.0	45.3	58.5	53.5
60.9	59.6	43.8	54.5	53.0	44.8	50.1	43.1	43.6	50.2	50.9	46.9	55.9	47.8	51.4	44.5	53.1	0.0	50.5	57.7
43.2	42.3	43.5	54.4	56.0	60.1	60.4	48.2	57.0	45.8	46.0	53.5	50.3	56.6	41.8	46.9	48.4	46.1	0.0	48.8
45.5	48.4	55.3	46.3	60.4	48.6	60.8	48.1	41.2	60.8	57.2	55.5	59.1	48.2	56.5	52.0	52.9	44.0	49.0	0.0
39000	39000	39000	39000	39000	39000	39000	39000	39000	39000	39000	39000	39000	39000	39000	39000	39000	39000	39000	39000
7																			
8																			
5																			
5																			
9																			
6																			
6																			
10																			
8																			
7																			
6																			
7																			
7																			
10																			
5																			
11																			
9																			
8																			
7																			
6																			
11																			
