92	115	100	99	100	97	107	100	99	86	104	116	87	101	98	92	112	84	87	96
110	101	93	91	102	110	97	107	94	87	103	88	100	94	111	107	97	87	86	116
89	103	97	97	93	116	108	106	113	99	109	93	89	89	100	98	100	82	99	94
85	103	98	93	92	103	90	99	93	98	100	107	100	90	90	98	103	90	112	98
104	99	105	99	100	85	96	97	116	100	99	90	97	104	102	91	101	101	105	104
36	28	34	28	23	30	29	32	31	31	31	32	29	28	33	27	31	32	31	30
31	28	31	32	33	27	31	29	27	38	29	31	25	28	28	25	28	28	36	31
29	28	26	28	31	29	27	28	23	31	28	32	31	27	36	27	35	31	32	29
29	32	32	33	33	32	34	33	28	33	34	30	31	29	30	28	32	28	29	31
33	28	29	29	37	27	20	33	29	31	29	30	29	34	31	31	29	27	27	33
2.62	3.50	2.58	3.22	2.73	3.46	2.87	3.38	2.04	2.04	2.90	3.08	2.06	3.35	3.48	2.05	2.07	2.97	2.89	2.87
3.40	2.23	2.14	2.01	3.01	2.09	2.72	2.93	3.20	3.24	2.85	2.32	3.32	2.03	2.61	2.79	3.46	3.03	3.06	2.80
3.15	2.19	2.73	3.33	3.04	2.75	3.15	2.40	3.33	2.91	3.10	3.26	2.02	3.15	3.41	2.55	2.64	2.40	3.12	3.42
2.69	2.34	2.28	2.62	2.58	2.83	2.93	2.13	2.85	2.40	2.65	2.26	3.06	2.99	2.70	3.38	2.65	2.65	2.58	3.28
2.43	2.64	2.59	2.55	3.05	2.60	2.84	2.47	2.37	2.33	2.03	2.86	3.28	3.41	2.97	3.21	3.36	2.10	2.65	3.32
2.03	2.11	1.75	2.40	1.56	1.22	2.76	2.53	2.57	1.94	2.42	2.45	1.94	2.74	1.11	2.30	1.37	1.00	2.57	1.39
2.84	1.53	1.32	1.22	2.07	2.67	2.78	1.53	1.84	2.52	1.84	2.33	2.66	2.51	1.75	1.93	2.22	2.00	2.79	2.49
1.09	2.84	1.36	1.71	2.43	2.06	1.34	1.04	1.50	1.63	1.65	1.89	2.33	1.19	2.41	1.53	1.10	1.52	1.48	1.31
1.52	1.43	1.86	2.68	1.80	2.93	1.66	2.00	2.70	2.98	2.29	2.41	1.21	2.31	1.15	1.77	2.62	1.40	2.12	1.86
1.30	1.01	1.68	1.39	2.67	2.24	1.41	2.81	1.90	2.35	2.32	1.83	1.28	2.04	1.72	1.06	1.85	1.15	1.18	1.37
17.49	11.94	16.10	14.28	24.73	15.91	11.95	18.55	15.86	12.33	19.08	10.35	12.72	24.67	19.32	11.45	12.36	16.83	18.40	11.92
11.73	23.62	10.23	11.78	18.85	12.10	10.44	13.77	24.05	18.56	20.85	14.38	12.07	20.61	15.17	19.69	10.10	10.24	18.22	10.63
19.52	11.86	24.09	23.16	17.48	19.99	16.32	19.24	21.06	21.81	17.35	10.84	23.13	24.26	17.98	23.08	15.32	10.35	15.00	17.18
10.03	19.14	24.30	21.56	12.95	24.69	14.56	14.03	17.27	17.06	16.14	20.03	20.07	24.36	12.00	10.04	17.78	24.32	17.62	21.57
22.41	18.98	16.19	10.85	17.96	20.70	14.45	17.64	21.64	12.66	12.84	16.30	12.47	17.35	23.33	13.78	19.64	19.57	11.50	10.91
14.35	8.09	13.14	10.92	13.34	8.80	5.30	11.71	13.93	14.83	8.55	6.79	9.05	8.11	7.55	7.98	12.72	9.57	13.81	10.40
7.57	13.53	5.95	14.07	13.85	13.58	12.84	6.25	12.08	8.57	11.20	11.71	12.76	13.21	6.40	10.72	5.98	10.92	11.54	14.32
14.45	11.42	9.61	5.33	6.58	8.36	8.38	9.72	5.91	10.39	13.94	10.24	14.92	13.99	6.01	9.14	14.31	9.79	5.53	9.67
11.75	11.22	14.78	14.49	13.42	7.95	12.54	7.45	11.06	14.45	11.49	14.19	14.57	14.69	13.14	5.70	5.31	9.17	5.86	11.59
8.71	14.54	9.26	6.93	11.45	5.76	8.68	11.84	13.90	11.32	11.29	6.54	10.31	11.91	5.97	5.95	11.65	7.24	12.12	9.60
20.07	16.32	16.81	15.68	22.32	21.13	18.47	17.91	20.76	19.68	15.35	19.94	19.57	23.55	23.06	23.15	15.72	22.29	15.77	23.12
17.07	16.68	20.52	22.27	16.27	20.41	21.24	19.39	17.64	19.44	23.35	23.50	24.26	23.33	17.62	16.06	17.23	24.59	17.51	16.79
23.38	16.23	22.81	21.54	19.59	24.66	23.77	21.39	19.46	21.45	24.89	21.88	18.54	15.83	20.11	19.83	24.77	18.12	17.42	18.94
16.69	21.81	22.40	18.01	15.30	15.52	24.16	22.32	19.71	17.96	15.70	17.82	19.11	21.42	20.70	23.68	17.03	21.92	19.12	23.69
24.61	24.63	22.30	22.24	23.71	23.20	21.11	24.41	15.71	17.96	23.85	21.77	17.25	17.92	22.39	18.37	17.60	20.22	24.78	20.37
0.00	87.46	64.73	88.98	58.79															
60.62	0.00	91.08	77.98	97.48															
75.85	73.63	0.00	87.83	84.43															
81.31	61.19	61.67	0.00	56.62															
93.00	69.19	96.62	62.05	0.00															
0.00	95.01	55.17	62.27	85.28															
88.06	0.00	69.17	78.13	90.45															
86.32	62.13	0.00	70.32	56.52															
77.93	61.92	90.55	0.00	89.84															
79.64	86.61	69.99	99.70	0.00															
0.00	73.15	84.26	69.66	76.21															
65.07	0.00	89.57	95.79	76.74															
88.70	80.51	0.00	59.27	100.00															
69.46	62.82	57.95	0.00	98.96															
87.54	93.03	83.14	71.62	0.00															
0.00	74.14	56.48	68.11	65.97															
88.99	0.00	71.06	93.42	61.44															
61.26	83.16	0.00	93.63	58.39															
65.76	60.85	83.38	0.00	89.09															
73.71	62.45	62.15	94.22	0.00															
0.00	95.27	66.23	76.86	97.02															
75.72	0.00	74.44	71.62	97.08															
82.65	76.13	0.00	61.36	60.33															
58.94	62.96	98.92	0.00	88.46															
59.22	59.75	96.75	97.33	0.00															
0.00	95.97	84.60	81.01	90.76															
87.65	0.00	57.74	80.57	67.39															
76.92	68.41	0.00	93.60	64.55															
63.74	80.17	62.44	0.00	68.33															
82.75	65.38	92.31	69.14	0.00															
0.00	78.12	93.17	98.26	74.88															
60.90	0.00	85.98	56.32	83.96															
60.00	75.73	0.00	59.77	58.20															
68.41	67.97	97.64	0.00	90.88															
64.39	90.86	87.09	89.37	0.00															
0.00	55.35	59.50	81.63	81.64															
82.90	0.00	96.68	65.26	91.93															
59.64	76.20	0.00	59.28	93.14															
60.55	76.54	97.98	0.00	63.88															
84.48	97.72	62.74	92.53	0.00															
0.00	72.86	64.93	98.12	82.21															
55.07	0.00	64.42	74.77	61.19															
79.65	77.60	0.00	78.65	80.24															
91.76	75.57	87.29	0.00	78.01															
88.84	84.01	99.96	79.79	0.00															
0.00	70.57	59.53	86.45	97.40															
86.77	0.00	82.43	67.52	81.61															
82.14	74.79	0.00	68.53	61.17															
63.98	59.67	76.99	0.00	92.93															
62.28	58.67	91.53	89.51	0.00															
0.00	78.46	78.18	98.31	72.06															
72.98	0.00	77.90	92.91	61.68															
81.59	56.83	0.00	64.35	82.83															
91.86	96.47	95.97	0.00	93.32															
81.17	65.99	60.78	82.66	0.00															
0.00	86.53	63.99	59.01	92.83															
89.77	0.00	80.30	93.79	80.61															
82.86	91.67	0.00	65.24	90.78															
91.81	73.18	76.35	0.00	88.91															
81.55	56.35	62.23	76.70	0.00															
0.00	99.28	61.57	86.25	66.49															
83.69	0.00	96.65	87.41	75.46															
95.17	81.92	0.00	59.34	67.69															
59.92	68.13	73.97	0.00	79.61															
69.92	95.49	82.87	71.08	0.00															
0.00	76.15	86.46	58.25	86.41															
74.72	0.00	59.30	62.22	58.56															
69.87	65.26	0.00	62.64	64.66															
58.77	99.42	87.05	0.00	82.73															
70.43	86.79	70.80	78.45	0.00															
0.00	96.67	94.75	86.95	89.59															
82.84	0.00	65.89	65.43	84.96															
86.81	75.32	0.00	56.42	65.22															
83.55	90.87	75.28	0.00	99.58															
82.88	68.55	88.97	56.89	0.00															
0.00	71.82	66.07	85.09	67.65															
93.44	0.00	78.30	83.08	63.77															
80.04	61.90	0.00	62.57	73.25															
95.71	76.43	64.39	0.00	73.98															
62.35	84.32	84.79	77.58	0.00															
0.00	73.26	67.71	74.62	91.36															
98.70	0.00	91.40	84.05	96.15															
96.42	56.88	0.00	58.10	86.86															
59.46	87.64	75.58	0.00	87.24															
57.88	97.59	69.70	67.92	0.00															
0.00	68.79	78.95	58.54	80.79															
56.43	0.00	68.55	61.52	72.42															
75.78	88.20	0.00	97.41	62.75															
66.64	55.10	80.77	0.00	59.41															
62.29	68.55	76.08	57.92	0.00															
0.00	83.11	92.82	74.83	64.55															
96.42	0.00	68.97	87.56	75.56															
75.99	83.51	0.00	78.32	63.52															
95.75	68.93	75.93	0.00	79.10															
67.18	55.93	88.40	70.43	0.00															
0.00	93.89	68.91	89.70	90.25															
79.65	0.00	71.53	56.13	61.70															
55.70	82.61	0.00	84.58	80.73															
74.18	81.93	98.71	0.00	89.05															
58.32	87.04	59.42	98.11	0.00															
0.00	57.17	56.29	49.64	45.83															
50.86	0.00	59.29	41.87	53.02															
51.85	41.21	0.00	52.43	52.57															
58.61	49.42	55.30	0.00	46.04															
49.82	57.15	56.55	48.88	0.00															
0.00	42.31	47.58	48.48	60.43															
43.97	0.00	54.86	53.95	45.41															
51.23	56.46	0.00	44.06	52.42															
47.51	49.85	51.82	0.00	60.00															
58.20	50.21	57.38	59.51	0.00															
0.00	56.88	42.16	57.91	55.86															
48.32	0.00	52.22	54.51	46.42															
54.70	56.27	0.00	45.42	51.70															
59.99	49.99	42.88	0.00	58.55															
58.28	58.75	57.36	59.70	0.00															
0.00	55.12	42.84	44.62	53.49															
50.87	0.00	46.52	45.71	44.92															
47.32	43.27	0.00	46.75	49.46															
50.15	54.17	59.13	0.00	60.71															
49.02	51.14	44.23	47.22	0.00															
0.00	46.24	57.94	56.34	46.30															
59.15	0.00	46.76	60.81	48.26															
56.10	46.43	0.00	57.36	49.27															
49.02	49.48	44.64	0.00	41.18															
47.62	48.29	50.19	48.61	0.00															
0.00	51.48	56.86	58.42	43.78															
59.34	0.00	55.14	46.12	45.04															
42.25	55.10	0.00	48.04	45.41															
52.31	50.00	48.84	0.00	59.61															
54.33	46.48	58.92	42.29	0.00															
0.00	60.06	43.73	60.48	45.65															
44.46	0.00	47.69	42.85	41.44															
60.64	54.85	0.00	42.04	50.45															
42.59	52.65	43.88	0.00	60.58															
45.50	59.98	47.42	44.48	0.00															
0.00	51.16	41.36	52.47	58.38															
55.35	0.00	47.37	41.72	49.44															
60.84	57.89	0.00	48.23	48.01															
50.04	48.28	42.99	0.00	47.47															
51.01	54.51	57.22	54.64	0.00															
0.00	58.12	42.40	42.53	55.15															
54.57	0.00	57.28	59.38	60.96															
44.70	41.82	0.00	56.49	47.95															
56.49	55.74	52.37	0.00	59.72															
59.92	44.35	51.96	45.13	0.00															
0.00	60.33	56.44	60.33	57.35															
48.96	0.00	57.78	46.99	52.86															
41.62	44.36	0.00	59.81	53.41															
49.27	45.75	41.36	0.00	55.64															
58.98	42.25	44.21	48.25	0.00															
0.00	52.55	53.44	54.23	49.71															
59.34	0.00	47.48	49.69	54.27															
46.95	56.61	0.00	58.72	49.86															
48.91	42.32	45.17	0.00	47.91															
52.55	59.75	52.73	54.47	0.00															
0.00	42.84	52.91	41.98	49.42															
55.21	0.00	58.49	56.74	50.87															
57.05	51.23	0.00	47.66	54.03															
56.90	44.34	55.06	0.00	60.31															
59.12	50.69	45.58	58.06	0.00															
0.00	53.97	56.06	42.30	41.20															
52.44	0.00	57.53	49.07	60.95															
52.41	56.12	0.00	60.99	56.83															
47.63	48.28	48.58	0.00	42.90															
59.19	56.84	51.71	47.55	0.00															
0.00	60.52	51.68	57.30	50.06															
46.52	0.00	47.01	59.61	56.35															
46.93	52.90	0.00	50.91	47.71															
51.22	43.30	58.99	0.00	42.69															
51.31	53.73	58.64	42.91	0.00															
0.00	41.16	56.14	57.96	56.41															
41.44	0.00	47.06	45.77	59.36															
57.37	49.93	0.00	55.73	45.38															
49.00	48.03	52.66	0.00	54.38															
54.25	42.10	57.31	56.81	0.00															
0.00	42.57	44.02	42.41	44.60															
53.55	0.00	51.19	50.98	41.23															
54.91	60.29	0.00	53.08	59.55															
50.37	50.58	51.81	0.00	42.79															
54.51	58.06	50.74	56.98	0.00															
0.00	43.30	48.06	45.45	56.10															
48.11	0.00	57.38	51.03	58.64															
53.20	42.76	0.00	47.61	55.05															
55.32	60.83	55.66	0.00	46.59															
51.89	55.79	41.51	46.44	0.00															
0.00	47.45	42.99	44.60	49.71															
46.52	0.00	55.68	44.81	53.40															
54.30	50.83	0.00	58.96	53.05															
59.33	59.64	57.90	0.00	46.56															
45.64	46.03	54.41	59.95	0.00															
0.00	44.39	47.91	50.06	48.70															
51.85	0.00	60.02	53.04	48.52															
58.83	58.45	0.00	48.74	45.22															
46.72	43.06	46.23	0.00	42.19															
57.06	56.78	55.56	45.98	0.00															
0.00	41.56	41.76	45.70	44.11															
49.91	0.00	53.66	53.32	50.45															
57.19	57.51	0.00	48.64	41.01															
54.44	48.18	45.39	0.00	59.17															
49.59	59.02	60.29	42.34	0.00															
11687	11687	11687	11687	11687	11687	11687	11687	11687	11687	11687	11687	11687	11687	11687	11687	11687	11687	11687	11687
5
7
6
10
10																			
1																			
